PROBLEM_NAME: RAP-NC-L_0207.txt
PROBLEM_TYPE: UB
NB_RESOURCES: 50
LINEAR_TERM: 17.9584
BOUNDS SECTION: INDEX 	 UB 	 LINEAR_TERM
0 	 0.30940795 	 -0.08815765
1 	 0.94189889 	  0.35575317
2 	 1.4101823 	  0.33530934
3 	 1.8717051 	  0.32481644
4 	 2.369816 	  0.39665994
5 	 2.7749988 	  0.75473882
6 	 3.2688234 	 -0.1668993
7 	 4.0335019 	  0.097239367
8 	 4.460816 	  0.23305954
9 	 4.9817799 	  0.21060384
10 	 5.2959067 	 -0.032596359
11 	 5.9211526 	  0.44686756
12 	 6.2316715 	 -0.66067756
13 	 6.6798776 	  0.065031274
14 	 7.2487052 	 -0.18668871
15 	 7.7514224 	  0.098924146
16 	 7.9470415 	  0.003441184
17 	 8.3271026 	  0.63117681
18 	 8.7928279 	  0.1168478
19 	 9.5021431 	  0.17732331
20 	 9.8738504 	 -0.77275375
21 	 10.400894 	  0.66910972
22 	 11.048856 	  0.17169083
23 	 11.518025 	 -0.76392795
24 	 12.07039 	 -0.49824311
25 	 12.506872 	 -0.39121253
26 	 13.265981 	  0.82920914
27 	 13.721747 	 -0.0066982183
28 	 14.100011 	 -0.71120794
29 	 14.555898 	 -0.60701549
30 	 15.020976 	 -0.71887583
31 	 15.764865 	 -0.039396077
32 	 16.105784 	  0.12980008
33 	 16.579526 	  0.88376424
34 	 17.068122 	 -0.072920971
35 	 17.506093 	  0.49659897
36 	 18.011991 	  0.40099109
37 	 18.570042 	 -0.83413008
38 	 19.062875 	 -0.88005499
39 	 19.673247 	  0.44363332
40 	 20.276281 	  0.44867943
41 	 20.788815 	 -0.32203151
42 	 20.959987 	  0.61001665
43 	 21.485583 	 -0.063684153
44 	 21.995698 	 -0.81004368
45 	 22.477098 	 -0.57531423
46 	 22.706246 	  0.3635384
47 	 23.130917 	  0.69486038
48 	 23.563303 	 -0.53807946
49 	 23.033855 	 -0.90363499
FUNCTION PROFILE: 
0 	 0.759567704782
1 	 0.632502759527
2 	 0.430954226583
3 	 0.746994346438
4 	 0.682075760311
5 	 0.64441097566
6 	 0.299101831112
7 	 0.628808205668
8 	 0.015384693506
9 	 0.928411379689
10 	 0.36435733463
11 	 0.957374456126
12 	 0.916702349168
13 	 0.549210331287
14 	 0.251115616028
15 	 0.773366327712
16 	 0.851464171236
17 	 0.817453722605
18 	 0.127276409446
19 	 0.343923015597
20 	 0.147995029338
21 	 0.764344877629
22 	 0.882204427702
23 	 0.484282892019
24 	 0.977269299691
25 	 0.852270850011
26 	 0.476219220969
27 	 0.56669588326
28 	 0.809896069199
29 	 0.776399837755
30 	 0.335331062623
31 	 0.970564659203
32 	 0.286391175918
33 	 0.729385424316
34 	 0.359636835995
35 	 0.677383912321
36 	 0.923643243774
37 	 0.104306787159
38 	 0.088952997545
39 	 0.535967414787
40 	 0.956474528859
41 	 0.475254296055
42 	 0.643355814229
43 	 0.762371190889
44 	 0.747297756508
45 	 0.572620046589
46 	 0.447821072668
47 	 0.882101978667
48 	 0.071919396864
49 	 0.513548216125
# END OF FILE #