PROBLEM_NAME: RAP-NC-L_0107.txt
PROBLEM_TYPE: UB
NB_RESOURCES: 20
LINEAR_TERM: 3.08674
BOUNDS SECTION: INDEX 	 UB 	 LINEAR_TERM
0 	 0.84856868 	 -0.42225966
1 	 1.266602 	  0.14493459
2 	 1.7600664 	  0.70786034
3 	 2.4191519 	  0.060038724
4 	 2.8523156 	  0.92955581
5 	 3.5704133 	 -0.93379958
6 	 4.3737065 	 -0.11301685
7 	 4.9538546 	 -0.21593228
8 	 5.4512608 	 -0.036346628
9 	 5.9380036 	 -0.56051111
10 	 6.212277 	  0.72648291
11 	 6.5937748 	 -0.22716895
12 	 7.1581392 	  0.10393541
13 	 7.4282002 	  0.036732568
14 	 7.8990529 	 -0.42331231
15 	 8.3142532 	  0.93715188
16 	 8.6190489 	 -0.39912087
17 	 9.2351106 	 -0.1099118
18 	 9.6980245 	 -0.57088289
19 	 8.3805058 	 -0.65987757
FUNCTION PROFILE: 
0 	 0.03087392559
1 	 0.133898664423
2 	 0.790578037467
3 	 0.467212437087
4 	 0.652075617679
5 	 0.925956010976
6 	 0.750600533611
7 	 0.953932790024
8 	 0.645647618168
9 	 0.499877973226
10 	 0.562311533659
11 	 0.284097512973
12 	 0.483310754894
13 	 0.863859730795
14 	 0.653583129297
15 	 0.853070500305
16 	 0.2008419958
17 	 0.584616213522
18 	 0.355440017141
19 	 0.777186399452
# END OF FILE #