PROBLEM_NAME: RAP-NC-L_0009.txt
PROBLEM_TYPE: UB
NB_RESOURCES: 10
LINEAR_TERM: -0.28808
BOUNDS SECTION: INDEX 	 UB 	 LINEAR_TERM
0 	 0.40447656 	 -0.86433305
1 	 1.1361149 	  0.76193146
2 	 1.5217127 	  0.84721059
3 	 2.0988254 	 -0.6752935
4 	 2.8339585 	 -0.11564404
5 	 3.2209866 	  0.28700574
6 	 3.8335912 	 -0.51818994
7 	 4.5158754 	 -0.54377129
8 	 5.0333829 	 -0.65524114
9 	 5.0852003 	  0.37790637
FUNCTION PROFILE: 
0 	 0.636379010317
1 	 0.449589547154
2 	 0.979591072937
3 	 0.853321548594
4 	 0.533366583511
5 	 0.053101815149
6 	 0.74343359849
7 	 0.42192012644
8 	 0.983194212927
9 	 0.121925670834
# END OF FILE #