PROBLEM_NAME: RAP-NC-L_0304.txt
PROBLEM_TYPE: UB
NB_RESOURCES: 100
LINEAR_TERM: -11.2781
BOUNDS SECTION: INDEX 	 UB 	 LINEAR_TERM
0 	 0.50457671 	 -0.23691647
1 	 0.94061357 	 -0.052233636
2 	 1.5989989 	 -0.80305404
3 	 2.4638554 	 -0.062046518
4 	 2.6050605 	 -0.83739331
5 	 3.3067551 	  0.075345249
6 	 3.8193471 	 -0.23469725
7 	 4.2759589 	  0.34560803
8 	 4.7659092 	  0.43020651
9 	 5.4601507 	 -0.39525422
10 	 5.9672615 	  0.34449957
11 	 6.4759991 	  0.61303291
12 	 7.0573128 	  0.52164594
13 	 7.7185037 	  0.38019924
14 	 8.2602784 	  0.71920207
15 	 8.871957 	 -0.71090662
16 	 9.4990773 	 -0.58712305
17 	 10.151744 	 -0.54475716
18 	 10.687022 	  0.46736941
19 	 10.977462 	  0.40811144
20 	 11.338816 	 -0.70883562
21 	 11.824557 	  0.51429599
22 	 12.316786 	  0.66259545
23 	 12.939884 	 -0.20793659
24 	 13.705837 	  0.97950182
25 	 14.46375 	 -0.68404054
26 	 15.040376 	 -0.25788126
27 	 15.601721 	 -0.75720912
28 	 16.348152 	 -0.26947275
29 	 16.696641 	  0.48120123
30 	 17.175085 	 -0.047555801
31 	 17.63833 	  0.071284456
32 	 18.298759 	 -0.71602657
33 	 18.858504 	  0.30903232
34 	 19.350501 	 -0.79823978
35 	 19.887076 	  0.54969331
36 	 20.501132 	  0.31285996
37 	 21.070945 	  0.54077367
38 	 21.67573 	  0.10231948
39 	 22.114309 	  0.15303382
40 	 22.66305 	 -0.87891088
41 	 23.283548 	  0.44146681
42 	 23.789031 	  0.2982772
43 	 24.332311 	 -0.091330202
44 	 24.753092 	 -0.92979838
45 	 25.3522 	  0.94259297
46 	 25.72236 	 -0.9792104
47 	 26.132781 	  0.06978092
48 	 26.682859 	 -0.31842812
49 	 26.996021 	 -0.53930941
50 	 27.764331 	  0.58143946
51 	 28.214129 	 -0.292872
52 	 28.681445 	  0.5180348
53 	 29.427333 	  0.57969569
54 	 29.685184 	 -0.66117202
55 	 30.522161 	 -0.4907763
56 	 31.051527 	 -0.75815684
57 	 31.435177 	 -0.80652687
58 	 32.005264 	 -0.14098066
59 	 32.425926 	 -0.66121999
60 	 32.988372 	  0.83458211
61 	 33.513448 	  0.40177374
62 	 33.836405 	  0.20006944
63 	 34.653106 	  0.072845718
64 	 34.881132 	  0.52236294
65 	 35.324952 	  0.061035207
66 	 35.793533 	  0.84687214
67 	 36.621348 	  0.90681871
68 	 37.388703 	  0.85667855
69 	 37.951455 	  0.56180222
70 	 38.27836 	 -0.71433598
71 	 38.847854 	  0.089581669
72 	 39.362429 	 -0.6144988
73 	 39.801539 	 -0.15793852
74 	 40.540444 	  0.27552944
75 	 40.890404 	  0.40866089
76 	 41.428522 	  0.070956642
77 	 41.72976 	  0.68694236
78 	 41.889474 	  0.29186872
79 	 42.655083 	 -0.076299501
80 	 43.047229 	  0.49653121
81 	 43.430725 	  0.20816571
82 	 44.169795 	 -0.22778158
83 	 44.3819 	  0.3511824
84 	 45.011128 	  0.92507644
85 	 45.351845 	  0.37539464
86 	 45.487448 	 -0.37174548
87 	 46.213549 	  0.82688644
88 	 46.985358 	  0.40513008
89 	 47.486138 	 -0.10051181
90 	 47.743083 	 -0.78475529
91 	 48.246461 	  0.41342226
92 	 48.717816 	 -0.094957408
93 	 49.275537 	  0.16148497
94 	 49.869352 	 -0.20249043
95 	 50.443475 	 -0.86549462
96 	 51.01502 	 -0.11128182
97 	 51.589219 	  0.33771713
98 	 52.066331 	 -0.60512216
99 	 48.637852 	 -0.17009904
FUNCTION PROFILE: 
0 	 0.266468047649
1 	 0.135160768117
2 	 0.536456314288
3 	 0.894561418929
4 	 0.224445812264
5 	 0.904050965845
6 	 0.861111844172
7 	 0.433703466295
8 	 0.006082757715
9 	 0.705760746738
10 	 0.139957626017
11 	 0.463538456067
12 	 0.23261234144
13 	 0.861689071339
14 	 0.878248365115
15 	 0.2565261875
16 	 0.084882114574
17 	 0.422741853012
18 	 0.656107062883
19 	 0.27437203693
20 	 0.224160458961
21 	 0.009326163758
22 	 0.626999628419
23 	 0.873723674429
24 	 0.837156849684
25 	 0.955140892655
26 	 0.412990902652
27 	 0.033848849242
28 	 0.613390772552
29 	 0.783614005528
30 	 0.807869674333
31 	 0.332877638686
32 	 0.277093435584
33 	 0.429544280649
34 	 0.165150217248
35 	 0.882578854462
36 	 0.155065992439
37 	 0.096741783935
38 	 0.517301941812
39 	 0.772227563818
40 	 0.49612500231
41 	 0.912899509672
42 	 0.24910147683
43 	 0.114586887046
44 	 0.846773367854
45 	 0.876098560309
46 	 0.174088018739
47 	 0.011512744361
48 	 0.172208307918
49 	 0.852695340209
50 	 0.596775854228
51 	 0.470916016089
52 	 0.450332567615
53 	 0.550181913134
54 	 0.124183838287
55 	 0.240408043027
56 	 0.363140497116
57 	 0.003722994505
58 	 0.643624383499
59 	 0.468158151893
60 	 0.104510963515
61 	 0.608544791324
62 	 0.383426548208
63 	 0.477785496345
64 	 0.026735491121
65 	 0.242757786489
66 	 0.897177430976
67 	 0.706688771537
68 	 0.681247065197
69 	 0.608620141178
70 	 0.28745224748
71 	 0.124133596818
72 	 0.549756064684
73 	 0.834833262351
74 	 0.858879305653
75 	 0.294215620812
76 	 0.689921333299
77 	 0.40345510874
78 	 0.212661342194
79 	 0.138825394756
80 	 0.187676108344
81 	 0.04289983006
82 	 0.169233341755
83 	 0.693084040199
84 	 0.364380018812
85 	 0.445538607458
86 	 0.409080780178
87 	 0.648887162406
88 	 0.850477256258
89 	 0.450315455643
90 	 0.734229628228
91 	 0.733348225363
92 	 0.743860730232
93 	 0.986676298067
94 	 0.622391886483
95 	 0.845215950847
96 	 0.091967261408
97 	 0.611499941348
98 	 0.601531151969
99 	 0.407348223088
# END OF FILE #