PROBLEM_NAME: RAP-NC-L_0106.txt
PROBLEM_TYPE: UB
NB_RESOURCES: 20
LINEAR_TERM: 6.93214
BOUNDS SECTION: INDEX 	 UB 	 LINEAR_TERM
0 	 0.8191361 	  0.73952617
1 	 1.5200318 	  0.58723698
2 	 1.9630042 	  0.88313666
3 	 2.5794594 	  0.67787588
4 	 2.9671417 	 -0.36616118
5 	 3.3394985 	 -0.61963182
6 	 3.797691 	 -0.42812079
7 	 4.3500463 	 -0.55383427
8 	 5.0183551 	  0.8778947
9 	 5.231949 	 -0.84327006
10 	 5.7755094 	  0.41405191
11 	 6.1768835 	 -0.29481854
12 	 6.6731869 	  0.10639742
13 	 7.3307808 	  0.69784662
14 	 7.8453646 	  0.7180982
15 	 8.5099377 	  0.67854306
16 	 9.191699 	 -0.19409411
17 	 9.7322936 	 -0.058364762
18 	 10.298089 	  0.37850596
19 	 10.530453 	 -0.44338264
FUNCTION PROFILE: 
0 	 0.640723377681
1 	 0.868541266865
2 	 0.629936220867
3 	 0.966089861988
4 	 0.973514007968
5 	 0.974350664764
6 	 0.033689659902
7 	 0.686453405323
8 	 0.838847563725
9 	 0.853775043724
10 	 0.613321731606
11 	 0.892242805182
12 	 0.320930727308
13 	 0.186119721721
14 	 0.905696058458
15 	 0.063729468813
16 	 0.807585952166
17 	 0.444953401017
18 	 0.59012192049
19 	 0.337817479003
# END OF FILE #