PROBLEM_NAME: RAP-NC-L_0006.txt
PROBLEM_TYPE: UB
NB_RESOURCES: 10
LINEAR_TERM: 2.50631
BOUNDS SECTION: INDEX 	 UB 	 LINEAR_TERM
0 	 0.40261639 	  0.73057833
1 	 0.96015684 	 -0.84079746
2 	 1.5852799 	 -0.31071267
3 	 2.1704804 	  0.020275011
4 	 2.7204219 	  0.35372881
5 	 3.225962 	  0.77196763
6 	 3.9294416 	 -0.27680782
7 	 4.4025951 	  0.63926391
8 	 4.6804331 	 -0.71024791
9 	 4.6225555 	 -0.9337348
FUNCTION PROFILE: 
0 	 0.215681878258
1 	 0.204755412952
2 	 0.382553103975
3 	 0.288967529719
4 	 0.226181087215
5 	 0.331605905991
6 	 0.702681445808
7 	 0.784261318863
8 	 0.91490442906
9 	 0.380520101277
# END OF FILE #