PROBLEM_NAME: RAP-NC-L_0302.txt
PROBLEM_TYPE: UB
NB_RESOURCES: 100
LINEAR_TERM: 40.083
BOUNDS SECTION: INDEX 	 UB 	 LINEAR_TERM
0 	 0.53219662 	 -0.25742293
1 	 1.0236857 	  0.73122826
2 	 1.6806396 	 -0.365801
3 	 2.0112573 	 -0.31903109
4 	 2.5289192 	 -0.84622136
5 	 2.8779532 	 -0.7454909
6 	 3.4691671 	 -0.79156667
7 	 4.0663182 	 -0.35093458
8 	 4.5742684 	 -0.30783116
9 	 5.1457269 	 -0.91667046
10 	 5.6321399 	  0.24951096
11 	 5.9031889 	  0.67394791
12 	 6.3153724 	 -0.32770552
13 	 6.7818367 	 -0.34032488
14 	 7.4674391 	 -0.64369732
15 	 7.9861322 	  0.50624488
16 	 8.4287111 	  0.5103536
17 	 9.0327085 	  0.24116394
18 	 9.4844667 	  0.87048143
19 	 10.101191 	  0.81443718
20 	 10.708991 	  0.46402316
21 	 11.077641 	 -0.44625486
22 	 11.73814 	 -0.97950872
23 	 12.184891 	  0.99025181
24 	 12.726358 	 -0.22712085
25 	 13.427341 	  0.6942559
26 	 13.862272 	 -0.6791612
27 	 14.275483 	 -0.54988172
28 	 14.947681 	 -0.31245337
29 	 15.389027 	 -0.8850813
30 	 15.77181 	 -0.052048652
31 	 16.215939 	  0.74171303
32 	 16.725096 	  0.88945183
33 	 17.136402 	  0.63472554
34 	 17.630951 	  0.71130814
35 	 18.254759 	 -0.94380842
36 	 18.688541 	 -0.2195585
37 	 19.187681 	 -0.55348857
38 	 19.805174 	 -0.59598439
39 	 20.10693 	  0.16218081
40 	 20.755217 	 -0.36166695
41 	 21.307141 	 -0.93872809
42 	 21.917875 	  0.20043435
43 	 22.429932 	 -0.88606097
44 	 23.02302 	  0.73436405
45 	 23.38882 	 -0.51951357
46 	 24.149213 	  0.92944384
47 	 24.919858 	  0.16049986
48 	 25.801125 	  0.28538482
49 	 26.253012 	 -0.20819913
50 	 26.825959 	  0.069920178
51 	 27.22794 	  0.57564735
52 	 27.787905 	 -0.094816586
53 	 28.288822 	  0.82940636
54 	 28.874447 	  0.24601824
55 	 29.244977 	 -0.69218954
56 	 29.801808 	  0.20611566
57 	 30.376424 	 -0.39835017
58 	 30.792351 	 -0.043758446
59 	 31.375782 	  0.23024853
60 	 31.92382 	  0.38913631
61 	 32.325052 	 -0.2246842
62 	 32.945536 	 -0.19453408
63 	 33.61048 	 -0.92893911
64 	 34.072976 	  0.6130907
65 	 34.411099 	 -0.28998776
66 	 34.76448 	 -0.91151338
67 	 35.361958 	  0.17803322
68 	 35.566048 	 -0.56577745
69 	 35.902186 	 -0.35076326
70 	 36.387549 	 -0.15662352
71 	 36.709126 	 -0.39726413
72 	 37.051893 	 -0.59549598
73 	 37.516102 	  0.64406109
74 	 37.951425 	 -0.39519335
75 	 38.309844 	 -0.56027819
76 	 38.675799 	  0.31338259
77 	 39.211881 	  0.050439552
78 	 39.449564 	 -0.018052884
79 	 39.874489 	  0.58994606
80 	 40.291248 	  0.17189553
81 	 40.586005 	 -0.31678327
82 	 41.119146 	 -0.22206298
83 	 41.826231 	  0.31630136
84 	 42.358289 	 -0.090465661
85 	 42.842901 	 -0.94667381
86 	 43.682406 	  0.017448904
87 	 44.239994 	 -0.64389016
88 	 44.820992 	 -0.076280514
89 	 45.375189 	 -0.33312903
90 	 45.827632 	 -0.10093774
91 	 46.371827 	  0.2695513
92 	 46.926653 	 -0.22944931
93 	 47.667318 	  0.82062571
94 	 48.275529 	  0.43315529
95 	 48.855744 	 -0.12198495
96 	 49.370387 	  0.58728741
97 	 49.650709 	  0.27464676
98 	 50.092148 	  0.22240763
99 	 48.654668 	 -0.97436349
FUNCTION PROFILE: 
0 	 0.193755081072
1 	 0.888097242724
2 	 0.611148587955
3 	 0.569070914299
4 	 0.066954541899
5 	 0.013123840865
6 	 0.838026839712
7 	 0.020822023894
8 	 0.361139881647
9 	 0.410781504887
10 	 0.87551985379
11 	 0.324216818124
12 	 0.001691593824
13 	 0.623340906829
14 	 0.005873942016
15 	 0.860591216469
16 	 0.496920191389
17 	 0.34730568572
18 	 0.306502594057
19 	 0.620768527505
20 	 0.811999495667
21 	 0.567341010237
22 	 0.72450506528
23 	 0.921209542471
24 	 0.709538821632
25 	 0.45982334346
26 	 0.092985482457
27 	 0.795389988126
28 	 0.554287340584
29 	 0.403036748046
30 	 0.66386153704
31 	 0.213868262242
32 	 0.388216444456
33 	 0.213839230413
34 	 0.141569285253
35 	 0.991087525354
36 	 0.184699163819
37 	 0.751416874195
38 	 0.342047217841
39 	 0.640817041307
40 	 0.862901153659
41 	 0.883266970025
42 	 0.749966891311
43 	 0.879855794481
44 	 0.907222504877
45 	 0.726929902527
46 	 0.251788149882
47 	 0.513357494449
48 	 0.943506608839
49 	 0.018734637504
50 	 0.346046077704
51 	 0.31852071889
52 	 0.101843869131
53 	 0.98075120134
54 	 0.130172324824
55 	 0.488196022057
56 	 0.996850662913
57 	 0.277857506193
58 	 0.47513670646
59 	 0.260027116562
60 	 0.488201006354
61 	 0.267409116534
62 	 0.428925582916
63 	 0.365103846122
64 	 0.005174361325
65 	 0.308736864975
66 	 0.881439694508
67 	 0.726944198521
68 	 0.283267580763
69 	 0.394356466533
70 	 0.657925333103
71 	 0.254805626488
72 	 0.046153079763
73 	 0.093227698913
74 	 0.810939724427
75 	 0.758674164058
76 	 0.239314360562
77 	 0.312848709056
78 	 0.947738886713
79 	 0.428101166356
80 	 0.142647224953
81 	 0.12686033787
82 	 0.223200940969
83 	 0.302804801929
84 	 0.754794405856
85 	 0.055706802464
86 	 0.129701905092
87 	 0.994090697927
88 	 0.198552099594
89 	 0.128885188425
90 	 0.669522848152
91 	 0.974873679677
92 	 0.336140901298
93 	 0.857812000413
94 	 0.166964164828
95 	 0.083536006412
96 	 0.572712747526
97 	 0.021805607239
98 	 0.962313465246
99 	 0.497965614891
# END OF FILE #