PROBLEM_NAME: RAP-NC-L_0301.txt
PROBLEM_TYPE: UB
NB_RESOURCES: 100
LINEAR_TERM: 9.04907
BOUNDS SECTION: INDEX 	 UB 	 LINEAR_TERM
0 	 0.7161725 	 -0.75313101
1 	 1.2285115 	  0.079205452
2 	 1.9361946 	 -0.48104936
3 	 2.5514976 	 -0.6957327
4 	 3.2766298 	  0.36195279
5 	 3.6360908 	  0.46158525
6 	 4.2316734 	 -0.46214951
7 	 4.75508 	  0.10668226
8 	 5.1232938 	  0.87747472
9 	 5.6305416 	 -0.4357763
10 	 6.0997808 	 -0.079268687
11 	 6.6695228 	  0.21820018
12 	 7.1308764 	  0.83063808
13 	 7.6523015 	  0.50661917
14 	 8.4177072 	 -0.80699247
15 	 8.8937612 	 -0.87287932
16 	 9.5716101 	 -0.021233495
17 	 10.076404 	  0.34861988
18 	 10.530912 	 -0.8587841
19 	 10.99589 	 -0.46626236
20 	 11.581066 	  0.83849161
21 	 11.938114 	 -0.99908737
22 	 12.457646 	  0.24432874
23 	 12.748001 	  0.15534787
24 	 13.372525 	 -0.27052619
25 	 13.922892 	 -0.098109293
26 	 14.576077 	 -0.99946936
27 	 15.021013 	  0.14793812
28 	 15.325102 	 -0.38685987
29 	 15.822456 	 -0.525466
30 	 16.66503 	  0.40201674
31 	 17.021355 	 -0.76056761
32 	 17.437531 	  0.10137089
33 	 17.891514 	 -0.75269514
34 	 18.508953 	 -0.83965548
35 	 19.196144 	 -0.6897584
36 	 19.711464 	 -0.9445655
37 	 20.15377 	 -0.13293358
38 	 20.528641 	 -0.2476007
39 	 20.674112 	  0.45093184
40 	 21.06205 	  0.0046670139
41 	 21.648316 	 -0.28318197
42 	 22.446675 	 -0.47992549
43 	 23.031939 	 -0.76699031
44 	 23.765457 	  0.28551529
45 	 24.286407 	  0.77507962
46 	 24.836311 	 -0.28608432
47 	 25.254888 	  0.61047695
48 	 25.575041 	  0.27951468
49 	 26.018946 	 -0.096833558
50 	 26.50306 	  0.34101174
51 	 26.918199 	  0.13859529
52 	 27.64677 	  0.75750263
53 	 28.148843 	  0.30664915
54 	 28.645116 	  0.3617712
55 	 29.145066 	 -0.21439188
56 	 29.595271 	  0.26641826
57 	 30.429253 	 -0.49007964
58 	 30.735453 	 -0.87543328
59 	 31.015406 	 -0.80982429
60 	 31.397041 	 -0.55338304
61 	 31.973434 	  0.3429228
62 	 32.450221 	  0.96843205
63 	 32.987412 	 -0.58727764
64 	 33.55207 	 -0.23918847
65 	 34.163103 	 -0.30951527
66 	 34.46881 	 -0.1940342
67 	 34.848797 	  0.46112127
68 	 35.627883 	  0.59930727
69 	 36.295228 	 -0.62010601
70 	 37.015921 	 -0.46576727
71 	 37.613087 	 -0.52927695
72 	 37.967447 	  0.67394463
73 	 38.216009 	 -0.21667777
74 	 38.696458 	  0.48216976
75 	 39.150325 	  0.92495845
76 	 39.562943 	 -0.28537772
77 	 40.009314 	  0.95843681
78 	 40.523234 	  0.32585444
79 	 41.272788 	  0.79886879
80 	 42.045696 	  0.82861223
81 	 42.671261 	  0.27891672
82 	 43.379199 	  0.75373889
83 	 44.10583 	  0.23889195
84 	 44.656131 	 -0.21251798
85 	 45.168067 	  0.2201825
86 	 45.640602 	 -0.58379768
87 	 45.922866 	 -0.01801535
88 	 46.578602 	 -0.19455653
89 	 47.438047 	 -0.095161677
90 	 48.154892 	 -0.82960805
91 	 48.46675 	 -0.53273053
92 	 48.860741 	 -0.082559186
93 	 49.447658 	 -0.65838284
94 	 49.937506 	 -0.83086852
95 	 50.42 	 -0.7734389
96 	 50.671511 	 -0.29188775
97 	 51.404932 	 -0.85464006
98 	 51.971039 	 -0.22136214
99 	 51.931726 	 -0.18238011
FUNCTION PROFILE: 
0 	 0.916748043896
1 	 0.934352656466
2 	 0.853714963663
3 	 0.111103836634
4 	 0.176164140265
5 	 0.645378214392
6 	 0.396923087486
7 	 0.604384296141
8 	 0.446669663778
9 	 0.957175282326
10 	 0.174375970753
11 	 0.126461964306
12 	 0.044362619898
13 	 0.644354002247
14 	 0.486705598473
15 	 0.579492616019
16 	 0.563043754673
17 	 0.979811542252
18 	 0.200024780303
19 	 0.39904980073
20 	 0.305578149447
21 	 0.390663077724
22 	 0.460235858556
23 	 0.84076083303
24 	 0.211204159024
25 	 0.188090458796
26 	 0.730524478283
27 	 0.625022180883
28 	 0.831043435628
29 	 0.884275816812
30 	 0.643707139055
31 	 0.381678273723
32 	 0.657825478888
33 	 0.403070976985
34 	 0.082373998097
35 	 0.901852783634
36 	 0.142774693794
37 	 0.990599875313
38 	 0.678122423627
39 	 0.048690035901
40 	 0.563581202264
41 	 0.372530175352
42 	 0.714906839406
43 	 0.969448796575
44 	 0.649146103037
45 	 0.056231674711
46 	 0.539870429923
47 	 0.308287309142
48 	 0.607893101378
49 	 0.491660192855
50 	 0.846740392366
51 	 0.06633625937
52 	 0.227121545146
53 	 0.724685009835
54 	 0.747820084111
55 	 0.456795070633
56 	 0.434972775229
57 	 0.349278347268
58 	 0.397050000666
59 	 0.137354775837
60 	 0.251445984636
61 	 0.581884865118
62 	 0.863907795117
63 	 0.557179421663
64 	 0.647410256308
65 	 0.360106122837
66 	 0.825899239055
67 	 0.198332947503
68 	 0.579677533233
69 	 0.779235843884
70 	 0.509357424138
71 	 0.108186737612
72 	 0.441126322227
73 	 0.734899957191
74 	 0.143586924297
75 	 0.278291107391
76 	 0.739969078521
77 	 0.648602459744
78 	 0.510734346432
79 	 0.739427633936
80 	 0.264190648546
81 	 0.901045002662
82 	 0.956634418328
83 	 0.055630660816
84 	 0.344221800218
85 	 0.805590520909
86 	 0.474080396415
87 	 0.08986073751
88 	 0.984898052031
89 	 0.376343172816
90 	 0.443755959352
91 	 0.007329997521
92 	 0.646904494012
93 	 0.028526894692
94 	 0.66710626377
95 	 0.133725347769
96 	 0.213320322008
97 	 0.149838665515
98 	 0.746471457892
99 	 0.040195420648
# END OF FILE #