PROBLEM_NAME: RAP-NC-L_0204.txt
PROBLEM_TYPE: UB
NB_RESOURCES: 50
LINEAR_TERM: 1.14612
BOUNDS SECTION: INDEX 	 UB 	 LINEAR_TERM
0 	 0.61618201 	  0.043867649
1 	 0.94032476 	  0.34923487
2 	 1.3854653 	  0.53956692
3 	 1.7052294 	  0.048525036
4 	 2.2375613 	  0.31793594
5 	 2.6447127 	 -0.6817694
6 	 3.210437 	 -0.078248616
7 	 3.7295183 	  0.22063014
8 	 4.2746286 	  0.99005314
9 	 4.7892196 	  0.33697666
10 	 5.3971652 	  0.60720223
11 	 5.8000602 	  0.22471695
12 	 6.3402855 	 -0.57649855
13 	 6.786898 	 -0.62788599
14 	 7.3974328 	  0.031314181
15 	 7.8683608 	 -0.87532466
16 	 8.2754332 	 -0.50692864
17 	 8.8809259 	 -0.46285651
18 	 9.4656591 	  0.54274409
19 	 9.9257636 	  0.8881872
20 	 10.449695 	 -0.88834408
21 	 10.984482 	 -0.92633156
22 	 11.417321 	 -0.39297387
23 	 12.140287 	 -0.79306267
24 	 12.692569 	 -0.96641756
25 	 13.138856 	  0.22354948
26 	 13.641243 	  0.24138362
27 	 14.065531 	 -0.48580626
28 	 14.633431 	  0.82428999
29 	 15.21877 	  0.39176074
30 	 15.812843 	  0.42593631
31 	 16.379079 	 -0.27003267
32 	 16.817388 	  0.52385152
33 	 17.421028 	 -0.88257242
34 	 17.979466 	 -0.086779441
35 	 18.594211 	 -0.26828438
36 	 19.076647 	 -0.8910451
37 	 19.683235 	 -0.69388419
38 	 19.901293 	  0.73702015
39 	 20.655255 	 -0.27448061
40 	 21.067492 	 -0.67149575
41 	 21.575181 	  0.79306356
42 	 22.065698 	  0.36388833
43 	 22.574385 	 -0.013397699
44 	 23.08315 	 -0.65328629
45 	 23.567868 	  0.54514792
46 	 24.052839 	 -0.81399797
47 	 24.515328 	 -0.79208638
48 	 24.98727 	  0.83833036
49 	 24.063062 	 -0.98127098
FUNCTION PROFILE: 
0 	 0.145058531508
1 	 0.013406702324
2 	 0.859316568413
3 	 0.86695968293
4 	 0.121387763709
5 	 0.68735762458
6 	 0.669566612254
7 	 0.199642908834
8 	 0.7031590464
9 	 0.886728866698
10 	 0.253369962831
11 	 0.092259741396
12 	 0.52637099905
13 	 0.34276691754
14 	 0.092554519764
15 	 0.427406269501
16 	 0.168318805452
17 	 0.715397456259
18 	 0.12301126689
19 	 0.519655634047
20 	 0.11215050057
21 	 0.338100440186
22 	 0.599073721208
23 	 0.837733396916
24 	 0.211576344807
25 	 0.931391550633
26 	 0.04024911797
27 	 0.152723680037
28 	 0.283934010118
29 	 0.971913712889
30 	 0.883475251971
31 	 0.031467945456
32 	 0.058943717025
33 	 0.064209841557
34 	 0.347053078117
35 	 0.344302031048
36 	 0.382114916729
37 	 0.588509190501
38 	 0.934698879047
39 	 0.039352783828
40 	 0.481309702046
41 	 0.302591118549
42 	 0.310586654511
43 	 0.930978116288
44 	 0.056987134494
45 	 0.040153809759
46 	 0.045970054031
47 	 0.646895638678
48 	 0.575285598083
49 	 0.595800860014
# END OF FILE #