PROBLEM_NAME: RAP-NC-L_0306.txt
PROBLEM_TYPE: UB
NB_RESOURCES: 100
LINEAR_TERM: 9.117
BOUNDS SECTION: INDEX 	 UB 	 LINEAR_TERM
0 	 0.54306318 	 -0.50923375
1 	 1.184515 	 -0.078773548
2 	 1.7733481 	  0.88781704
3 	 2.4168314 	  0.72993408
4 	 2.7777455 	 -0.97550758
5 	 3.2042308 	  0.28488864
6 	 3.6616403 	  0.80458607
7 	 4.2063432 	 -0.68770725
8 	 4.6880522 	 -0.56867501
9 	 5.2252264 	 -0.26952369
10 	 5.765766 	 -0.07295271
11 	 6.2476891 	  0.092540918
12 	 6.762657 	  0.066879145
13 	 7.069238 	 -0.21783296
14 	 7.5622985 	 -0.1438737
15 	 7.9686447 	  0.89790299
16 	 8.6079518 	 -0.14484159
17 	 9.2310661 	  0.7891932
18 	 9.883054 	 -0.84587688
19 	 10.495254 	 -0.1564018
20 	 11.279328 	  0.6945713
21 	 11.768001 	 -0.23605985
22 	 12.400348 	  0.14253125
23 	 13.196485 	  0.38491799
24 	 13.654474 	 -0.80064877
25 	 14.158385 	 -0.91906962
26 	 14.636622 	 -0.1627385
27 	 15.063926 	  0.45327024
28 	 15.494225 	 -0.10227762
29 	 15.963411 	 -0.24564297
30 	 16.495339 	 -0.14544894
31 	 17.098136 	  0.34772858
32 	 17.650333 	  0.24615704
33 	 18.130687 	 -0.98254641
34 	 18.604437 	 -0.28568191
35 	 19.370388 	  0.28702254
36 	 19.989588 	 -0.50737462
37 	 20.554419 	  0.52375045
38 	 21.114464 	 -0.11293008
39 	 21.341929 	  0.5298188
40 	 21.775278 	 -0.62103308
41 	 22.05166 	  0.35736542
42 	 22.455387 	 -0.93286641
43 	 22.944292 	  0.89751583
44 	 23.529817 	 -0.29839806
45 	 24.036175 	  0.088781614
46 	 24.514112 	 -0.098315419
47 	 25.002263 	 -0.57284286
48 	 25.457595 	 -0.36672627
49 	 25.936999 	  0.90058932
50 	 26.379618 	 -0.84637839
51 	 27.002993 	 -0.30052719
52 	 27.331054 	  0.28804049
53 	 27.900931 	  0.24823096
54 	 28.702218 	 -0.085590329
55 	 29.375936 	 -0.46050695
56 	 30.052251 	 -0.43837471
57 	 30.57648 	  0.4045099
58 	 31.074764 	  0.30590975
59 	 31.798142 	  0.31034311
60 	 32.259294 	 -0.34893579
61 	 32.531329 	 -0.25157171
62 	 33.023069 	  0.056007285
63 	 33.396278 	 -0.93973861
64 	 34.005223 	 -0.57201495
65 	 34.620321 	  0.14155911
66 	 35.228627 	 -0.36413986
67 	 35.83919 	  0.98289804
68 	 36.141913 	 -0.13492126
69 	 36.742821 	  0.90420058
70 	 37.334347 	  0.79881532
71 	 37.780753 	  0.033533319
72 	 38.171476 	  0.26476218
73 	 38.530169 	  0.46394028
74 	 38.876991 	  0.47701553
75 	 39.566639 	 -0.59057747
76 	 40.158876 	 -0.1649903
77 	 40.840264 	  0.89461082
78 	 41.339546 	 -0.2393986
79 	 41.859389 	 -0.28563478
80 	 42.605608 	 -0.86051715
81 	 43.048046 	 -0.24712046
82 	 43.567214 	 -0.087224728
83 	 44.026061 	 -0.12097454
84 	 44.555133 	 -0.48537414
85 	 45.332326 	 -0.14782151
86 	 45.878204 	 -0.26532134
87 	 46.71364 	 -0.74463892
88 	 47.186091 	 -0.0008271604
89 	 47.471893 	 -0.76246549
90 	 48.258962 	 -0.045367312
91 	 48.609144 	  0.91751488
92 	 49.284522 	  0.97820767
93 	 50.103561 	  0.7468219
94 	 50.741944 	 -0.22352457
95 	 51.277162 	 -0.25733334
96 	 51.728934 	  0.97979783
97 	 52.507971 	  0.68778423
98 	 52.801736 	  0.29870833
99 	 49.846211 	 -0.12751248
FUNCTION PROFILE: 
0 	 0.096507730923
1 	 0.695553843134
2 	 0.260248663054
3 	 0.107922496611
4 	 0.463694126006
5 	 0.350932305329
6 	 0.001520074378
7 	 0.507393730532
8 	 0.490609261855
9 	 0.61450853584
10 	 0.567874575893
11 	 0.847273389996
12 	 0.117940202801
13 	 0.285105562199
14 	 0.138278335335
15 	 0.518751520718
16 	 0.911954539257
17 	 0.821051612751
18 	 0.028134403997
19 	 0.103659963751
20 	 0.405742702195
21 	 0.675782110622
22 	 0.145568998959
23 	 0.122674555728
24 	 0.704906267442
25 	 0.785905152285
26 	 0.498874317926
27 	 0.822781251329
28 	 0.105955835448
29 	 0.218896917624
30 	 0.451080134841
31 	 0.796766078566
32 	 0.141220071108
33 	 0.031606307363
34 	 0.279664834626
35 	 0.758823295522
36 	 0.909044871892
37 	 0.559648374054
38 	 0.057370682671
39 	 0.249188995313
40 	 0.696795899554
41 	 0.784077710191
42 	 0.827743777691
43 	 0.920691015083
44 	 0.360236377952
45 	 0.686079775793
46 	 0.168749845152
47 	 0.269738933833
48 	 0.795645885108
49 	 0.25742168992
50 	 0.335286747066
51 	 0.820496745999
52 	 0.049008509491
53 	 0.571548407496
54 	 0.894000159742
55 	 0.363176838615
56 	 0.725026259796
57 	 0.03912896139
58 	 0.475608570182
59 	 0.074118355428
60 	 0.017177279928
61 	 0.689395301843
62 	 0.591985769903
63 	 0.328999474814
64 	 0.417380707898
65 	 0.858812288672
66 	 0.455007648059
67 	 0.130494944921
68 	 0.049457547365
69 	 0.171410388955
70 	 0.577264574408
71 	 0.947550656663
72 	 0.56757542241
73 	 0.852276002652
74 	 0.792759582083
75 	 0.081501904292
76 	 0.270578065274
77 	 0.186249483204
78 	 0.397678573041
79 	 0.032008979973
80 	 0.416257778209
81 	 0.59064895939
82 	 0.01758602013
83 	 0.3557150455
84 	 0.024807544526
85 	 0.711137867918
86 	 0.24606490086
87 	 0.900571652747
88 	 0.123112662345
89 	 0.862671399829
90 	 0.925135951615
91 	 0.205372341083
92 	 0.867363585172
93 	 0.157061647002
94 	 0.427185474883
95 	 0.935690639586
96 	 0.832907343132
97 	 0.68258780621
98 	 0.427323506129
99 	 0.01782872717
# END OF FILE #