PROBLEM_NAME: RAP-NC-L_0103.txt
PROBLEM_TYPE: UB
NB_RESOURCES: 20
LINEAR_TERM: 2.6383
BOUNDS SECTION: INDEX 	 UB 	 LINEAR_TERM
0 	 0.74807482 	  0.22411634
1 	 1.0761149 	  0.073810992
2 	 1.5834121 	  0.1516298
3 	 2.152759 	 -0.48380526
4 	 2.6556713 	 -0.80532201
5 	 2.9508123 	  0.07080229
6 	 3.3489586 	 -0.6887452
7 	 3.858576 	 -0.17800088
8 	 4.4095446 	  0.69786198
9 	 5.1872239 	  0.99054726
10 	 5.9363072 	 -0.64061896
11 	 6.4063463 	  0.54258611
12 	 6.7680019 	 -0.87622577
13 	 7.1367057 	 -0.18058818
14 	 7.6600406 	 -0.78481398
15 	 8.531239 	  0.87478451
16 	 9.2312825 	  0.24314444
17 	 9.7150129 	 -0.10522929
18 	 9.9397051 	 -0.73755049
19 	 9.9054559 	  0.33284276
FUNCTION PROFILE: 
0 	 0.249881111713
1 	 0.158809867289
2 	 0.42179518642
3 	 0.51115034759
4 	 0.613597668683
5 	 0.208671718417
6 	 0.663140729154
7 	 0.745502881276
8 	 0.994868982472
9 	 0.807864426369
10 	 0.985544325768
11 	 0.153979607766
12 	 0.384644563788
13 	 0.473920396541
14 	 0.018722515842
15 	 0.735586467368
16 	 0.101017986605
17 	 0.943401859293
18 	 0.196742031921
19 	 0.521112614284
# END OF FILE #