PROBLEM_NAME: RAP-NC-L_0000.txt
PROBLEM_TYPE: UB
NB_RESOURCES: 10
LINEAR_TERM: 1.59162
BOUNDS SECTION: INDEX 	 UB 	 LINEAR_TERM
0 	 0.62079369 	  0.32377146
1 	 1.1283617 	 -0.12516558
2 	 1.9399339 	  0.2618348
3 	 2.1782923 	  0.28632735
4 	 2.7062566 	 -0.7890032
5 	 3.5496369 	  0.49484604
6 	 3.7827003 	  0.94589184
7 	 4.4908915 	 -0.86577741
8 	 4.8260996 	 -0.62706421
9 	 4.7747641 	 -0.34425357
FUNCTION PROFILE: 
0 	 0.50353225263
1 	 0.784690529351
2 	 0.397319641314
3 	 0.14171790254
4 	 0.229758695741
5 	 0.422270991664
6 	 0.846106523302
7 	 0.080790455924
8 	 0.154408832127
9 	 0.561325742465
# END OF FILE #