PROBLEM_NAME: RAP-NC-L_0100.txt
PROBLEM_TYPE: UB
NB_RESOURCES: 20
LINEAR_TERM: 7.34481
BOUNDS SECTION: INDEX 	 UB 	 LINEAR_TERM
0 	 0.55109222 	  0.74032332
1 	 1.2669043 	  0.54485111
2 	 1.8162091 	  0.072131832
3 	 2.319713 	 -0.075168236
4 	 2.8553194 	 -0.4656288
5 	 3.5483711 	  0.76207913
6 	 3.9740087 	  0.90323621
7 	 4.5081657 	  0.97984894
8 	 5.0842409 	  0.70608876
9 	 5.9230432 	  0.99251094
10 	 6.2911281 	 -0.2835379
11 	 7.0453392 	 -0.35218104
12 	 7.6428455 	  0.20651826
13 	 7.997243 	  0.90972699
14 	 8.6638693 	  0.25619096
15 	 9.0733322 	  0.041196735
16 	 9.2028556 	  0.82859694
17 	 9.668727 	 -0.069017535
18 	 10.497979 	 -0.75018394
19 	 9.5854917 	  0.25229855
FUNCTION PROFILE: 
0 	 0.928941762709
1 	 0.888573731889
2 	 0.995150159258
3 	 0.560727543944
4 	 0.521875204202
5 	 0.615738931023
6 	 0.324691911862
7 	 0.133691939682
8 	 0.81439147097
9 	 0.869498373992
10 	 0.73731484552
11 	 0.387376763568
12 	 0.670088963653
13 	 0.448414823683
14 	 0.046156373437
15 	 0.692930070798
16 	 0.005530333685
17 	 0.732820196349
18 	 0.250433926144
19 	 0.723721361557
# END OF FILE #