PROBLEM_NAME: RAP-NC-L_0404.txt
PROBLEM_TYPE: UB
NB_RESOURCES: 200
LINEAR_TERM: -47.144
BOUNDS SECTION: INDEX 	 UB 	 LINEAR_TERM
0 	 0.51068268 	 -0.45570056
1 	 1.0191687 	  0.64666317
2 	 1.5048012 	 -0.7908514
3 	 1.9401057 	 -0.9560424
4 	 2.4983084 	 -0.70299319
5 	 2.9858285 	  0.82724
6 	 3.4846464 	  0.21883391
7 	 4.1388134 	  0.1754816
8 	 4.6955076 	  0.20309714
9 	 5.2834271 	 -0.55887903
10 	 6.0295763 	 -0.18800293
11 	 6.6799535 	 -0.8803066
12 	 7.1371997 	 -0.84857077
13 	 7.7575693 	 -0.072942083
14 	 8.0937936 	 -0.40396112
15 	 8.7949156 	 -0.83235549
16 	 9.3798743 	 -0.11405743
17 	 9.9698868 	 -0.97231621
18 	 10.45195 	 -0.50206208
19 	 11.187137 	  0.84760185
20 	 11.614331 	  0.4251397
21 	 12.097394 	 -0.63826985
22 	 12.41845 	  0.94659902
23 	 12.754161 	  0.63437883
24 	 13.264454 	 -0.86537231
25 	 13.853266 	 -0.00351076
26 	 14.442944 	 -0.24040141
27 	 15.052615 	 -0.96368223
28 	 15.520332 	  0.18878292
29 	 15.966595 	 -0.34456902
30 	 16.59409 	  0.6266221
31 	 17.276057 	  0.70692132
32 	 17.598532 	 -0.99875905
33 	 18.303422 	  0.72559861
34 	 18.883354 	  0.91794582
35 	 19.152203 	  0.82579516
36 	 19.446334 	  0.61421416
37 	 19.966206 	  0.82903976
38 	 20.471355 	  0.6377665
39 	 20.70292 	  0.98225498
40 	 21.234294 	 -0.53164078
41 	 21.740919 	  0.58799504
42 	 22.263654 	  0.82487331
43 	 22.810513 	 -0.99060653
44 	 23.290249 	  0.35869365
45 	 23.841191 	 -0.81798338
46 	 24.497479 	 -0.56000456
47 	 25.118724 	 -0.48839631
48 	 25.716085 	  0.94295529
49 	 26.421672 	 -0.77570418
50 	 26.936172 	  0.95355022
51 	 27.395861 	  0.64403742
52 	 27.674431 	  0.14336913
53 	 28.052832 	 -0.13118122
54 	 28.564834 	  0.52122209
55 	 29.205945 	 -0.65146849
56 	 29.880899 	  0.70509669
57 	 30.225447 	  0.21689978
58 	 30.700874 	  0.48603154
59 	 31.148454 	  0.82237594
60 	 31.789592 	 -0.96393851
61 	 32.3059 	  0.39758519
62 	 33.166003 	  0.96775891
63 	 33.71391 	  0.42677988
64 	 34.46969 	 -0.4466945
65 	 35.290421 	  0.99201746
66 	 35.978993 	  0.55158839
67 	 36.666091 	 -0.7767746
68 	 37.165963 	 -0.55438373
69 	 37.893318 	  0.045170741
70 	 38.422216 	 -0.44237336
71 	 38.997007 	  0.92843994
72 	 39.489611 	  0.80786379
73 	 40.033 	 -0.10861179
74 	 40.719448 	  0.70618229
75 	 41.269312 	 -0.8593444
76 	 42.062299 	  0.31569825
77 	 42.532625 	 -0.61674412
78 	 43.129354 	 -0.84745924
79 	 43.663933 	  0.11270405
80 	 43.979775 	 -0.072954585
81 	 44.543226 	  0.2731699
82 	 45.287635 	  0.36952307
83 	 45.83112 	 -0.30802964
84 	 46.229894 	 -0.81862741
85 	 46.847143 	  0.13808899
86 	 47.688581 	  0.55283125
87 	 48.208283 	 -0.72368861
88 	 48.843136 	 -0.25344886
89 	 49.644986 	 -0.22198819
90 	 50.161927 	  0.094151652
91 	 50.774879 	 -0.77706323
92 	 51.196331 	  0.5030688
93 	 51.993505 	 -0.92557261
94 	 52.409083 	 -0.53631599
95 	 52.785214 	 -0.069811662
96 	 53.092776 	 -0.07637119
97 	 53.451054 	  0.68547449
98 	 53.904728 	 -0.87993571
99 	 54.499 	 -0.64231159
100 	 55.174345 	  0.68558858
101 	 55.636824 	  0.21466075
102 	 55.893661 	 -0.78621912
103 	 56.345872 	 -0.62563887
104 	 56.856698 	  0.30686332
105 	 57.640458 	 -0.82347772
106 	 58.124378 	  0.77105027
107 	 58.439861 	 -0.49570021
108 	 59.023395 	 -0.72283734
109 	 59.722321 	  0.60296493
110 	 60.12359 	 -0.94016818
111 	 60.644052 	  0.18937831
112 	 61.40547 	  0.83204331
113 	 61.900834 	  0.45066539
114 	 62.270704 	  0.88373577
115 	 62.698199 	 -0.45685114
116 	 63.162275 	  0.55626543
117 	 63.590308 	 -0.15076898
118 	 63.885634 	 -0.35719995
119 	 64.33601 	  0.98191184
120 	 64.871985 	  0.37773897
121 	 65.112483 	  0.28321908
122 	 65.797322 	  0.819597
123 	 66.416627 	  0.44014965
124 	 66.978253 	 -0.83402757
125 	 67.422878 	 -0.45531553
126 	 67.67111 	  0.36194583
127 	 68.199706 	  0.010655514
128 	 68.788339 	  0.73284491
129 	 69.397702 	  0.26470757
130 	 69.85849 	 -0.83927325
131 	 70.582453 	  0.87191126
132 	 71.197554 	  0.49456937
133 	 71.815567 	  0.3782763
134 	 72.366481 	 -0.904038
135 	 72.725337 	 -0.53690295
136 	 72.987369 	  0.58059844
137 	 73.759489 	 -0.90176808
138 	 74.139967 	  0.71749123
139 	 74.64049 	 -0.24997465
140 	 74.829771 	 -0.11641582
141 	 74.973585 	 -0.22202946
142 	 75.365007 	  0.27075799
143 	 75.894423 	 -0.20223154
144 	 76.391268 	 -0.18619033
145 	 77.172168 	 -0.74683687
146 	 77.411865 	  0.3806593
147 	 78.00025 	  0.55147102
148 	 78.7693 	 -0.20969915
149 	 79.024963 	 -0.33755569
150 	 79.400125 	 -0.76792101
151 	 79.897569 	 -0.72012191
152 	 80.608913 	  0.30285631
153 	 81.057521 	  0.17149478
154 	 81.283753 	  0.44476717
155 	 81.777132 	 -0.69949287
156 	 82.287095 	  0.36457546
157 	 82.534522 	 -0.93482991
158 	 83.036281 	 -0.63582831
159 	 83.472419 	  0.95667023
160 	 83.967483 	 -0.089602816
161 	 84.736246 	 -0.13938478
162 	 85.078382 	  0.82011984
163 	 85.468854 	  0.1457295
164 	 85.893212 	  0.30206135
165 	 86.644977 	  0.44056376
166 	 87.22803 	  0.49188525
167 	 87.708121 	 -0.69941331
168 	 88.054289 	  0.66088999
169 	 88.651918 	 -0.13161514
170 	 89.136901 	 -0.38240332
171 	 89.466349 	  0.47997632
172 	 89.937 	 -0.97345601
173 	 90.457238 	  0.31565548
174 	 90.843232 	 -0.44777123
175 	 91.214463 	 -0.35389992
176 	 91.882731 	 -0.49149388
177 	 92.223464 	  0.52726891
178 	 92.941611 	 -0.67400313
179 	 93.411932 	  0.57882157
180 	 93.927335 	  0.4044722
181 	 94.212349 	 -0.05599562
182 	 94.55965 	  0.75865672
183 	 95.012258 	 -0.33047229
184 	 95.508479 	 -0.62841548
185 	 95.96659 	 -0.86154373
186 	 96.609565 	  0.4623113
187 	 96.994642 	  0.2760029
188 	 97.650782 	  0.73932049
189 	 98.071066 	 -0.51244417
190 	 98.496459 	 -0.55646996
191 	 99.08813 	  0.11393403
192 	 99.612904 	 -0.83298645
193 	 100.08183 	  0.59937381
194 	 100.46828 	 -0.1289619
195 	 101.29413 	  0.36212571
196 	 101.76659 	  0.13167313
197 	 102.38148 	 -0.36941133
198 	 102.99703 	  0.8224782
199 	 103.16667 	 -0.74335695
FUNCTION PROFILE: 
0 	 0.703839176462
1 	 0.290807851401
2 	 0.300370325579
3 	 0.341793038493
4 	 0.683821732977
5 	 0.28276772602
6 	 0.009023533403
7 	 0.743810255399
8 	 0.261779399973
9 	 0.924768408035
10 	 0.869317282299
11 	 0.561804530541
12 	 0.889271909814
13 	 0.545611919875
14 	 0.303740890328
15 	 0.934122749008
16 	 0.39816371744
17 	 0.091621973834
18 	 0.575972575965
19 	 0.971686907109
20 	 0.915498317365
21 	 0.320664508672
22 	 0.074030977176
23 	 0.757723068171
24 	 0.199471483791
25 	 0.178018673298
26 	 0.787091134889
27 	 0.638133936252
28 	 0.717169006095
29 	 0.049894234364
30 	 0.880848377747
31 	 0.04054325943
32 	 0.629150946782
33 	 0.354592063429
34 	 0.038253682045
35 	 0.25406009636
36 	 0.869984279771
37 	 0.459153528183
38 	 0.950962626791
39 	 0.71069192782
40 	 0.01033939442
41 	 0.139392773853
42 	 0.189633475888
43 	 0.034301915833
44 	 0.001286172568
45 	 0.144105791506
46 	 0.996361630009
47 	 0.251347561771
48 	 0.706018273923
49 	 0.108984368545
50 	 0.122173084768
51 	 0.054952862961
52 	 0.635083541005
53 	 0.999448149388
54 	 0.267435430494
55 	 0.418718975198
56 	 0.151504974358
57 	 0.024138140445
58 	 0.368889800011
59 	 0.476938807122
60 	 0.192097341086
61 	 0.714057043585
62 	 0.244147340341
63 	 0.809916276427
64 	 0.506885447001
65 	 0.849837353305
66 	 0.720666876232
67 	 0.956409559452
68 	 0.016764704443
69 	 0.284176434188
70 	 0.789420768153
71 	 0.150662195033
72 	 0.682083882015
73 	 0.461965492348
74 	 0.25947529141
75 	 0.521671468674
76 	 0.473503543126
77 	 0.831579226105
78 	 0.328278410202
79 	 0.685630116342
80 	 0.587044393882
81 	 0.942465311373
82 	 0.357492817347
83 	 0.629376233299
84 	 0.343936032995
85 	 0.534272352103
86 	 0.994008992293
87 	 0.677911631315
88 	 0.928766702199
89 	 0.884480527822
90 	 0.069786878667
91 	 0.050987539374
92 	 0.867445430079
93 	 0.219535157119
94 	 0.428669201612
95 	 0.798891570701
96 	 0.989878002616
97 	 0.884891005681
98 	 0.350322754141
99 	 0.450412321818
100 	 0.889784137525
101 	 0.954800695894
102 	 0.94444773988
103 	 0.447238529189
104 	 0.753276945189
105 	 0.482780406439
106 	 0.586144020116
107 	 0.093389094053
108 	 0.157344967408
109 	 0.754018008868
110 	 0.825503415408
111 	 0.551672648409
112 	 0.693597672345
113 	 0.590415475728
114 	 0.747214779228
115 	 0.297018411839
116 	 0.362774838034
117 	 0.962137060163
118 	 0.046782557245
119 	 0.59940027907
120 	 0.443334390395
121 	 0.818979773904
122 	 0.819478799335
123 	 0.142435861757
124 	 0.198184481449
125 	 0.866160567037
126 	 0.285433376661
127 	 0.119858716822
128 	 0.081012906184
129 	 0.872970214045
130 	 0.138272014284
131 	 0.596946320891
132 	 0.808082620545
133 	 0.194050570135
134 	 0.248536055379
135 	 0.407116581547
136 	 0.095777569703
137 	 0.706439888803
138 	 0.537045806842
139 	 0.550995217717
140 	 0.910307312155
141 	 0.816254159113
142 	 0.695753964903
143 	 0.836866740207
144 	 0.311087820909
145 	 0.450318342441
146 	 0.899364376045
147 	 0.575612456561
148 	 0.262685364322
149 	 0.504698587143
150 	 0.280810509383
151 	 0.12307425494
152 	 0.726893046598
153 	 0.474510133317
154 	 0.715548093798
155 	 0.304901340059
156 	 0.175194727532
157 	 0.070642278488
158 	 0.376083090287
159 	 0.289979051313
160 	 0.192453315668
161 	 0.429650258604
162 	 0.680267009859
163 	 0.819871172456
164 	 0.661259295427
165 	 0.401484596045
166 	 0.171161408528
167 	 0.869944424013
168 	 0.305448473047
169 	 0.623919356952
170 	 0.316352538343
171 	 0.056627687502
172 	 0.214445946859
173 	 0.788171185981
174 	 0.135481551099
175 	 0.567413944693
176 	 0.058560305705
177 	 0.388084421615
178 	 0.66543303731
179 	 0.810661568793
180 	 0.808541137402
181 	 0.420765501478
182 	 0.727901278894
183 	 0.80381055825
184 	 0.84803862383
185 	 0.107049264853
186 	 0.013967465629
187 	 0.916136662245
188 	 0.520288541023
189 	 0.053512078628
190 	 0.740201153007
191 	 0.601728389993
192 	 0.467350420599
193 	 0.440821811233
194 	 0.93082294848
195 	 0.595543113938
196 	 0.296447114735
197 	 0.575420069504
198 	 0.69390969912
199 	 0.39777187637
# END OF FILE #