PROBLEM_NAME: RAP-NC-L_0004.txt
PROBLEM_TYPE: UB
NB_RESOURCES: 10
LINEAR_TERM: -3.00859
BOUNDS SECTION: INDEX 	 UB 	 LINEAR_TERM
0 	 0.31483902 	 -0.55980465
1 	 0.94770098 	  0.14287843
2 	 1.6141569 	 -0.99719438
3 	 2.0998776 	  0.53243015
4 	 2.6160086 	 -0.40996905
5 	 3.1270449 	  0.27143409
6 	 3.7492578 	 -0.14993015
7 	 4.2081467 	  0.21966624
8 	 4.5751726 	 -0.76645214
9 	 4.5548336 	 -0.16111131
FUNCTION PROFILE: 
0 	 0.697642804728
1 	 0.70511933205
2 	 0.087360524548
3 	 0.982340909319
4 	 0.022696712528
5 	 0.494431893907
6 	 0.643616693656
7 	 0.72668355791
8 	 0.716986551756
9 	 0.668662844372
# END OF FILE #