PROBLEM_NAME: RAP-NC-L_0307.txt
PROBLEM_TYPE: UB
NB_RESOURCES: 100
LINEAR_TERM: 40.3516
BOUNDS SECTION: INDEX 	 UB 	 LINEAR_TERM
0 	 0.54622216 	  0.81541187
1 	 1.0424957 	 -0.43254141
2 	 1.6880239 	 -0.3053777
3 	 2.2433462 	  0.19717051
4 	 2.6578141 	 -0.18494341
5 	 3.3943182 	 -0.0078391624
6 	 3.9164636 	  0.88198811
7 	 4.6012765 	  0.60868628
8 	 5.162204 	 -0.75013696
9 	 5.4465626 	  0.98436275
10 	 5.8826624 	 -0.23614834
11 	 6.3382378 	 -0.70206826
12 	 7.009913 	  0.35350074
13 	 7.5231367 	  0.56035788
14 	 8.0117971 	  0.2269547
15 	 8.6469583 	  0.26184423
16 	 8.8268027 	 -0.6172104
17 	 9.5430908 	 -0.31046207
18 	 10.004764 	  0.54880349
19 	 10.43068 	 -0.92732379
20 	 10.937539 	 -0.048079812
21 	 11.6535 	 -0.76407265
22 	 11.994091 	  0.60301316
23 	 12.404815 	  0.3858056
24 	 13.077064 	  0.17836057
25 	 13.405207 	 -0.37007679
26 	 13.981585 	 -0.32734268
27 	 14.584039 	 -0.9630196
28 	 15.179909 	 -0.50667946
29 	 15.539961 	 -0.053033609
30 	 15.867986 	  0.70603934
31 	 16.362052 	  0.036647063
32 	 17.145627 	  0.048666864
33 	 17.936476 	 -0.67218627
34 	 18.401867 	  0.82936108
35 	 18.770438 	 -0.74435405
36 	 19.228041 	 -0.048167963
37 	 19.76958 	  0.54029959
38 	 20.199883 	 -0.95881735
39 	 20.622775 	 -0.44013769
40 	 20.862246 	  0.71880607
41 	 21.082426 	 -0.87556588
42 	 21.507175 	  0.28448005
43 	 21.86931 	 -0.75079119
44 	 22.501481 	  0.3823846
45 	 22.781025 	 -0.57780223
46 	 23.310056 	  0.22471111
47 	 23.877043 	  0.49040288
48 	 24.605454 	  0.92947905
49 	 24.951143 	  0.081416527
50 	 25.337667 	  0.75737143
51 	 25.884784 	 -0.7843958
52 	 26.464159 	  0.16040867
53 	 26.864799 	  0.40606383
54 	 27.275839 	  0.94003968
55 	 27.7959 	 -0.22510506
56 	 28.299454 	 -0.10580425
57 	 28.992316 	 -0.29166368
58 	 29.219195 	  0.81506792
59 	 29.790583 	 -0.09267695
60 	 30.270977 	 -0.16489379
61 	 30.701067 	 -0.2715341
62 	 31.029831 	 -0.61645042
63 	 31.528594 	 -0.79784954
64 	 32.362869 	 -0.65643405
65 	 32.593763 	 -0.20932279
66 	 33.063338 	 -0.034404841
67 	 33.561246 	  0.2082923
68 	 33.953012 	 -0.67164692
69 	 34.436972 	  0.58879104
70 	 35.184054 	 -0.44436538
71 	 35.801051 	 -0.72972823
72 	 36.376669 	 -0.39316281
73 	 36.852977 	  0.027019037
74 	 37.25885 	  0.98971512
75 	 37.81938 	 -0.082390318
76 	 38.267891 	  0.53685425
77 	 38.777316 	  0.905657
78 	 39.007406 	  0.36847304
79 	 39.313669 	 -0.25346028
80 	 39.772447 	 -0.24549344
81 	 40.298763 	  0.57399305
82 	 40.598725 	 -0.45233105
83 	 41.084257 	 -0.85551618
84 	 41.501795 	 -0.50105286
85 	 42.162294 	 -0.54488068
86 	 42.53174 	  0.99361369
87 	 43.10719 	  0.71140166
88 	 43.933584 	 -0.48776701
89 	 44.261532 	 -0.59603938
90 	 45.069844 	 -0.42594893
91 	 45.732631 	 -0.514503
92 	 46.287497 	 -0.40141106
93 	 46.889969 	  0.23359885
94 	 47.512199 	 -0.6874097
95 	 47.884206 	  0.41168234
96 	 48.466677 	 -0.59069648
97 	 48.996889 	  0.85745934
98 	 49.688929 	 -0.24991763
99 	 49.631268 	 -0.61676593
FUNCTION PROFILE: 
0 	 0.907485063642
1 	 0.873312369891
2 	 0.677891002714
3 	 0.257386966045
4 	 0.979189290186
5 	 0.229365705107
6 	 0.862120733849
7 	 0.330710020625
8 	 0.500701104825
9 	 0.364142048217
10 	 0.869259726689
11 	 0.947145328536
12 	 0.747264245115
13 	 0.707423399637
14 	 0.178798188715
15 	 0.729760155194
16 	 0.57096770237
17 	 0.067298169641
18 	 0.828666002999
19 	 0.067631049811
20 	 0.436254824522
21 	 0.714659781794
22 	 0.72298786739
23 	 0.2365385681
24 	 0.403664196568
25 	 0.157109667935
26 	 0.714939154325
27 	 0.224389988981
28 	 0.153561979674
29 	 0.94046208123
30 	 0.508574024686
31 	 0.183235853862
32 	 0.481179599983
33 	 0.325823228443
34 	 0.871437903633
35 	 0.989331176858
36 	 0.753047080297
37 	 0.541056514378
38 	 0.761706513916
39 	 0.160856560828
40 	 0.723743966258
41 	 0.721053296672
42 	 0.378209211805
43 	 0.037744125799
44 	 0.686937101997
45 	 0.197180921235
46 	 0.524736135254
47 	 0.556194983228
48 	 0.695695307572
49 	 0.793373490174
50 	 0.947664349553
51 	 0.273436916105
52 	 0.35995956059
53 	 0.477271024038
54 	 0.529904688656
55 	 0.087846574075
56 	 0.087632549007
57 	 0.184796737159
58 	 0.550174230091
59 	 0.21456310774
60 	 0.376931314085
61 	 0.717842724395
62 	 0.381205603672
63 	 0.239447406802
64 	 0.394414877862
65 	 0.275128417083
66 	 0.763204798627
67 	 0.732988369724
68 	 0.140387168195
69 	 0.110529601924
70 	 0.932691262876
71 	 0.141305131636
72 	 0.166951675222
73 	 0.717816223535
74 	 0.589849844528
75 	 0.48634506077
76 	 0.416660002464
77 	 0.870203305165
78 	 0.888579634648
79 	 0.161163094461
80 	 0.45188878731
81 	 0.114650685051
82 	 0.629939001282
83 	 0.425051732682
84 	 0.213376792933
85 	 0.638804853053
86 	 0.942383188564
87 	 0.456754586281
88 	 0.677974356307
89 	 0.893038198696
90 	 0.490410252944
91 	 0.913757157358
92 	 0.070594241034
93 	 0.758253162302
94 	 0.490397082235
95 	 0.274596554385
96 	 0.984782943087
97 	 0.507220456312
98 	 0.744850641696
99 	 0.374887293547
# END OF FILE #