PROBLEM_NAME: RAP-NC-L_0101.txt
PROBLEM_TYPE: UB
NB_RESOURCES: 20
LINEAR_TERM: -4.97474
BOUNDS SECTION: INDEX 	 UB 	 LINEAR_TERM
0 	 0.6258487 	 -0.60481988
1 	 1.3669338 	 -0.85117053
2 	 2.0386667 	  0.31606645
3 	 2.4863549 	 -0.63506007
4 	 2.8233095 	 -0.63379355
5 	 3.248882 	 -0.94136324
6 	 3.7022915 	  0.32603268
7 	 4.3311302 	  0.50666329
8 	 4.8059924 	 -0.34893247
9 	 5.2123355 	 -0.15822292
10 	 5.6910147 	 -0.073495769
11 	 6.3190332 	 -0.56266471
12 	 6.9088001 	 -0.62043727
13 	 7.3421008 	  0.99456138
14 	 7.8446724 	 -0.76041772
15 	 8.3626157 	 -0.77615695
16 	 9.0095019 	 -0.54642238
17 	 9.645435 	 -0.99791557
18 	 10.032504 	 -0.49834614
19 	 10.251934 	 -0.71603669
FUNCTION PROFILE: 
0 	 0.760076004006
1 	 0.178132430725
2 	 0.777417548385
3 	 0.4435625191
4 	 0.726688959677
5 	 0.133772034205
6 	 0.762649206308
7 	 0.266511328577
8 	 0.062981916152
9 	 0.619275199868
10 	 0.063262695555
11 	 0.356629252803
12 	 0.852701001748
13 	 0.705192164213
14 	 0.237380905256
15 	 0.135287960675
16 	 0.13072096795
17 	 0.731802098489
18 	 0.201102573068
19 	 0.272502752357
# END OF FILE #