PROBLEM_NAME: RAP-NC-L_0102.txt
PROBLEM_TYPE: UB
NB_RESOURCES: 20
LINEAR_TERM: -5.63655
BOUNDS SECTION: INDEX 	 UB 	 LINEAR_TERM
0 	 0.54210742 	 -0.73818503
1 	 1.0942244 	 -0.24056348
2 	 1.6237983 	  0.4050474
3 	 2.0359367 	 -0.13478989
4 	 2.3252572 	  0.75505466
5 	 2.6774196 	  0.82894732
6 	 3.0239976 	  0.86500009
7 	 3.5598722 	 -0.40561368
8 	 4.0702432 	 -0.20681424
9 	 4.4749961 	 -0.18865628
10 	 5.0235848 	  0.56117316
11 	 5.7562159 	 -0.066251894
12 	 6.2925367 	  0.67902414
13 	 6.805645 	  0.74001079
14 	 7.2417686 	 -0.29335818
15 	 7.9115813 	 -0.82766267
16 	 8.3448419 	 -0.71926747
17 	 8.9497966 	  0.63479673
18 	 9.321488 	  0.43220527
19 	 9.3000072 	 -0.010951946
FUNCTION PROFILE: 
0 	 0.828470308047
1 	 0.479949784664
2 	 0.270796043894
3 	 0.06422928843
4 	 0.639021005316
5 	 0.771729852561
6 	 0.215369414632
7 	 0.07202556634
8 	 0.461653125311
9 	 0.827858866547
10 	 0.21694957635
11 	 0.378211050027
12 	 0.428453679271
13 	 0.814246095625
14 	 0.381656597488
15 	 0.036317496099
16 	 0.254615161812
17 	 0.906392663619
18 	 0.576942430404
19 	 0.438129070474
# END OF FILE #