PROBLEM_NAME: RAP-NC-L_0609.txt
PROBLEM_TYPE: UB
NB_RESOURCES: 1000
LINEAR_TERM: 395.411
BOUNDS SECTION: INDEX 	 UB 	 LINEAR_TERM
0 	 0.63062757 	 -0.46469375
1 	 1.2547474 	 -0.5665569
2 	 1.7260623 	 -0.71782697
3 	 1.9504042 	  0.58272767
4 	 2.1227244 	  0.97170062
5 	 2.5315322 	 -0.5826853
6 	 3.1565899 	  0.88836285
7 	 3.6296007 	  0.5813404
8 	 4.190536 	 -0.32985054
9 	 4.6864245 	  0.67899374
10 	 5.222186 	  0.018577398
11 	 5.7073849 	  0.88190287
12 	 6.4869067 	 -0.17065996
13 	 7.0142626 	 -0.56293925
14 	 7.7545101 	 -0.94288598
15 	 8.2520763 	  0.57205681
16 	 8.9098082 	  0.43848599
17 	 9.484404 	 -0.22832592
18 	 10.246142 	 -0.32185475
19 	 10.663994 	  0.46944047
20 	 11.171956 	 -0.12461346
21 	 11.612631 	  0.41288134
22 	 12.355072 	  0.60251936
23 	 12.689017 	  0.62702942
24 	 12.970399 	 -0.60235769
25 	 13.616871 	  0.62388973
26 	 14.271325 	  0.15855885
27 	 14.706665 	 -0.73004539
28 	 15.226633 	 -0.72267788
29 	 15.588134 	  0.67456052
30 	 16.057781 	 -0.64231573
31 	 16.648177 	 -0.76313792
32 	 17.276381 	 -0.94577178
33 	 17.790877 	  0.43283398
34 	 18.266687 	 -0.52134285
35 	 18.920712 	  0.23218908
36 	 19.731818 	  0.63121303
37 	 19.89588 	 -0.37800596
38 	 20.356521 	 -0.77229026
39 	 20.778163 	 -0.23078816
40 	 21.282042 	 -0.49951418
41 	 21.784878 	  0.035023486
42 	 22.420531 	 -0.80460895
43 	 23.109744 	 -0.15113568
44 	 23.475983 	 -0.50326749
45 	 23.983104 	  0.28016296
46 	 24.523191 	 -0.59512574
47 	 24.992889 	 -0.25881025
48 	 25.663958 	  0.21496243
49 	 25.852055 	 -0.31234776
50 	 26.674985 	  0.66406359
51 	 27.004937 	  0.25915302
52 	 27.294611 	  0.55189403
53 	 27.620767 	 -0.7869037
54 	 27.935267 	  0.94837092
55 	 28.688103 	  0.94113924
56 	 29.252818 	 -0.84922953
57 	 29.744439 	 -0.64605056
58 	 30.524799 	 -0.23440378
59 	 31.202339 	 -0.093356499
60 	 31.524124 	 -0.025524215
61 	 32.384293 	 -0.87727183
62 	 32.914568 	  0.98635766
63 	 33.356338 	 -0.13706359
64 	 33.880402 	  0.94577305
65 	 34.338316 	 -0.49049176
66 	 34.858654 	 -0.016862844
67 	 35.356718 	 -0.68623363
68 	 35.769689 	  0.31122166
69 	 36.528214 	 -0.80786438
70 	 36.947195 	 -0.49625325
71 	 37.596289 	 -0.9463207
72 	 37.923035 	  0.9607529
73 	 38.401454 	 -0.15254648
74 	 38.825605 	  0.26510569
75 	 39.513203 	 -0.60902109
76 	 39.890519 	 -0.085861295
77 	 40.396107 	  0.15747483
78 	 40.69835 	  0.53054854
79 	 41.432997 	  0.94583007
80 	 41.950202 	 -0.66890884
81 	 42.389653 	  0.69964583
82 	 43.090092 	  0.50836711
83 	 43.580259 	  0.62217957
84 	 44.171144 	  0.96378501
85 	 44.66696 	  0.78959264
86 	 45.278327 	 -0.389626
87 	 45.706408 	 -0.54048981
88 	 46.133701 	  0.73226972
89 	 46.448171 	 -0.10842826
90 	 46.674847 	  0.66090298
91 	 47.361939 	  0.6883018
92 	 47.736818 	  0.68982125
93 	 48.220169 	 -0.066897019
94 	 48.739741 	 -0.68898392
95 	 49.204059 	  0.62221872
96 	 49.781404 	  0.76613769
97 	 50.303998 	 -0.8576667
98 	 51.086587 	  0.560143
99 	 51.691349 	  0.083736382
100 	 52.048433 	 -0.73274162
101 	 52.432086 	 -0.086527316
102 	 53.0659 	 -0.27644847
103 	 53.478804 	  0.37739681
104 	 53.838881 	  0.44331896
105 	 54.534088 	  0.19280868
106 	 55.183321 	  0.75553796
107 	 55.613298 	 -0.10801086
108 	 56.189655 	 -0.38876855
109 	 56.640428 	  0.68856313
110 	 57.231772 	 -0.17264211
111 	 57.51216 	 -0.65963834
112 	 57.876397 	 -0.14102487
113 	 58.286794 	  0.7412659
114 	 58.509729 	 -0.24019465
115 	 59.111138 	 -0.32061196
116 	 59.562152 	 -0.40685251
117 	 60.029269 	  0.044426886
118 	 60.354163 	 -0.27010848
119 	 60.569722 	 -0.47315487
120 	 61.002926 	 -0.42194418
121 	 61.340003 	 -0.12017175
122 	 61.84198 	 -0.79623447
123 	 62.685453 	 -0.53632557
124 	 63.094889 	  0.043940337
125 	 63.695321 	 -0.6504743
126 	 63.869325 	 -0.33762358
127 	 64.424618 	  0.66067837
128 	 64.933246 	  0.86500699
129 	 65.746574 	  0.36277113
130 	 66.169107 	 -0.43085879
131 	 66.717192 	 -0.58886547
132 	 67.013706 	  0.8171242
133 	 67.374022 	  0.74257963
134 	 67.788041 	 -0.62950652
135 	 68.200461 	  0.35751758
136 	 68.648558 	  0.54924783
137 	 69.323978 	  0.66722318
138 	 69.930887 	 -0.85555802
139 	 70.324351 	 -0.96350229
140 	 70.920477 	 -0.78976126
141 	 71.557053 	 -0.67428258
142 	 71.984129 	  0.82590233
143 	 72.443563 	 -0.21680266
144 	 73.152251 	 -0.31496578
145 	 73.633185 	  0.83716581
146 	 74.222638 	 -0.54769323
147 	 74.754477 	  0.94068647
148 	 75.34272 	 -0.79559341
149 	 75.755291 	 -0.63474843
150 	 76.194748 	  0.97071864
151 	 76.45873 	  0.66942513
152 	 76.722051 	 -0.96629122
153 	 77.374438 	 -0.74998981
154 	 77.5745 	  0.93514739
155 	 78.261628 	  0.12545321
156 	 78.772606 	  0.69967437
157 	 79.273145 	 -0.39196123
158 	 79.718156 	 -0.37324075
159 	 80.314447 	  0.60510106
160 	 80.860394 	 -0.49120524
161 	 81.28026 	 -0.42547752
162 	 81.963389 	 -0.70968593
163 	 82.39354 	  0.95915226
164 	 82.853312 	  0.38594776
165 	 83.198211 	 -0.16946311
166 	 83.533329 	 -0.11917666
167 	 83.802367 	 -0.89281427
168 	 84.387475 	 -0.95472018
169 	 84.983304 	  0.71061708
170 	 85.542912 	 -0.88152165
171 	 85.837792 	  0.93873366
172 	 86.427665 	  0.92101468
173 	 86.838904 	 -0.26214195
174 	 87.031113 	  0.81936449
175 	 87.639143 	 -0.87042847
176 	 88.004894 	  0.086048838
177 	 88.414889 	 -0.82168178
178 	 88.943833 	 -0.76704705
179 	 89.604134 	  0.092605006
180 	 90.116507 	  0.29266685
181 	 90.620398 	 -0.27498757
182 	 91.289697 	  0.21508544
183 	 91.513052 	 -0.29743002
184 	 92.146283 	 -0.61422237
185 	 92.469174 	 -0.3615511
186 	 92.939588 	 -0.82022138
187 	 93.447721 	 -0.12565261
188 	 93.83723 	 -0.9540426
189 	 94.409087 	  0.33301782
190 	 94.948025 	  0.89198483
191 	 95.320825 	  0.38715999
192 	 95.560385 	 -0.84513555
193 	 96.149067 	 -0.83923625
194 	 96.618377 	 -0.68867848
195 	 97.359136 	 -0.15599265
196 	 97.882966 	 -0.18681768
197 	 98.45698 	  0.40382106
198 	 99.046731 	 -0.86190724
199 	 99.456 	  0.59777653
200 	 99.9209 	 -0.071849309
201 	 100.29167 	 -0.80923234
202 	 101.06094 	  0.46517008
203 	 101.55418 	  0.13894917
204 	 101.91098 	  0.8233028
205 	 102.49027 	 -0.85536625
206 	 103.0565 	 -0.77214161
207 	 103.62675 	 -0.73480853
208 	 104.1606 	  0.45624879
209 	 104.75458 	  0.33956071
210 	 105.13838 	 -0.54632833
211 	 105.56708 	 -0.88787332
212 	 106.15605 	 -0.44905747
213 	 106.33481 	  0.50259652
214 	 106.87725 	  0.40787122
215 	 107.53309 	  0.59685531
216 	 107.90055 	  0.28957562
217 	 108.42473 	 -0.80538086
218 	 108.8847 	  0.62101268
219 	 109.64798 	  0.87263213
220 	 110.08253 	 -0.44319309
221 	 110.5052 	 -0.67039882
222 	 111.00705 	 -0.93148039
223 	 111.41535 	 -0.96588069
224 	 112.1001 	  0.623958
225 	 112.66038 	  0.53876243
226 	 113.15327 	  0.73541539
227 	 113.54377 	  0.39057322
228 	 114.26039 	  0.81492983
229 	 114.43467 	  0.87706869
230 	 114.96293 	  0.90868629
231 	 115.45224 	  0.7835338
232 	 116.05715 	 -0.37605002
233 	 116.62527 	 -0.95025603
234 	 116.87366 	  0.2395624
235 	 117.16876 	 -0.419411
236 	 117.28335 	  0.60751708
237 	 117.98852 	  0.41238289
238 	 118.33197 	  0.85131213
239 	 119.15693 	  0.85006634
240 	 119.96213 	 -0.59607783
241 	 120.67211 	  0.64756526
242 	 121.12384 	  0.041264182
243 	 121.64454 	 -0.66013777
244 	 121.77217 	  0.37313376
245 	 122.04751 	 -0.0072801224
246 	 122.51061 	  0.54240774
247 	 123.22013 	  0.56733127
248 	 123.8913 	  0.84096137
249 	 124.29156 	 -0.64419708
250 	 124.55575 	  0.42851205
251 	 125.02614 	 -0.39991274
252 	 125.8287 	 -0.064372892
253 	 126.48936 	  0.14080442
254 	 126.8869 	  0.86549625
255 	 127.34019 	  0.88645777
256 	 128.20527 	 -0.15928717
257 	 128.67415 	  0.75575554
258 	 129.06791 	  0.74209578
259 	 129.24458 	 -0.86850622
260 	 129.47484 	  0.81790098
261 	 129.83711 	 -0.3594477
262 	 130.19477 	  0.5667392
263 	 130.80168 	 -0.90902623
264 	 131.55073 	  0.85794748
265 	 132.21883 	 -0.26575954
266 	 132.40045 	  0.24226758
267 	 132.86914 	 -0.95645027
268 	 133.36663 	 -0.28073645
269 	 133.84641 	 -0.96364503
270 	 134.28994 	 -0.017572677
271 	 134.82212 	  0.11724786
272 	 135.34661 	  0.59696991
273 	 135.72427 	  0.71131987
274 	 136.33421 	  0.44259901
275 	 136.60995 	 -0.2170541
276 	 137.13698 	  0.17116631
277 	 137.68112 	  0.51971246
278 	 138.28428 	 -0.13852953
279 	 139.01675 	 -0.59084346
280 	 139.57097 	 -0.038365436
281 	 139.9959 	  0.66592099
282 	 140.43384 	 -0.44904463
283 	 140.68982 	  0.17183171
284 	 141.35574 	  0.32939201
285 	 141.61482 	 -0.90541018
286 	 142.17392 	  0.86878982
287 	 142.34171 	  0.60859383
288 	 142.78934 	 -0.10101015
289 	 143.16447 	  0.53593775
290 	 143.83119 	 -0.26084975
291 	 144.37069 	 -0.68338554
292 	 145.013 	 -0.24157532
293 	 145.58631 	 -0.91481469
294 	 146.33751 	  0.060038137
295 	 147.05194 	 -0.26795082
296 	 147.50605 	  0.23043982
297 	 148.16498 	 -0.64401403
298 	 148.59937 	  0.54140353
299 	 149.32968 	  0.088733601
300 	 149.77392 	 -0.28946436
301 	 150.15601 	 -0.89684776
302 	 150.62772 	 -0.75161367
303 	 151.25609 	 -0.15549096
304 	 151.73102 	 -0.38048153
305 	 152.0203 	  0.47461569
306 	 152.66575 	  0.67085054
307 	 153.23304 	 -0.58445216
308 	 153.65719 	  0.9618251
309 	 154.23143 	 -0.42639181
310 	 154.69342 	 -0.82069381
311 	 155.02399 	 -0.89677459
312 	 155.23585 	  0.85877437
313 	 155.89872 	 -0.94533958
314 	 156.23654 	  0.60879462
315 	 156.8597 	  0.018315952
316 	 157.36844 	  0.65152552
317 	 157.89392 	  0.96481143
318 	 158.66094 	 -0.98331989
319 	 159.10249 	  0.38187808
320 	 159.68192 	 -0.66597528
321 	 159.91925 	  0.070384844
322 	 160.23326 	  0.73261428
323 	 160.77818 	 -0.010848606
324 	 161.51094 	 -0.55833315
325 	 162.1167 	  0.68708474
326 	 162.65376 	  0.37096459
327 	 163.18847 	  0.49482957
328 	 163.79096 	  0.51299147
329 	 164.52201 	  0.52638505
330 	 164.92889 	 -0.81931076
331 	 165.8242 	  0.27713479
332 	 166.35697 	  0.94133227
333 	 167.16428 	 -0.54921808
334 	 167.80148 	  0.86740114
335 	 168.31454 	 -0.21252605
336 	 168.68938 	  0.95441724
337 	 169.01492 	 -0.54535576
338 	 169.60443 	  0.087549208
339 	 170.11206 	 -0.48143844
340 	 170.35148 	 -0.98500742
341 	 170.91542 	  0.55660545
342 	 171.50454 	  0.85246119
343 	 171.94646 	 -0.44963906
344 	 172.48632 	 -0.39641372
345 	 172.95015 	 -0.66203162
346 	 173.32662 	 -0.034169805
347 	 173.81282 	  0.20341186
348 	 174.48503 	  0.97823087
349 	 174.82246 	  0.81587879
350 	 175.29187 	 -0.56324614
351 	 175.77012 	 -0.8327967
352 	 176.36251 	  0.32002513
353 	 177.04339 	  0.94069252
354 	 177.55832 	  0.41878891
355 	 178.00817 	  0.29012271
356 	 178.26731 	 -0.78534351
357 	 178.71699 	 -0.71624297
358 	 179.31222 	  0.71088747
359 	 180.06619 	  0.6464455
360 	 180.56984 	  0.65045532
361 	 181.08348 	 -0.11392561
362 	 181.4722 	 -0.40572877
363 	 181.94779 	  0.57854978
364 	 182.48119 	  0.49662054
365 	 182.9227 	  0.4798207
366 	 183.63115 	 -0.32791656
367 	 184.09523 	  0.31368361
368 	 184.54509 	 -0.11450731
369 	 185.10294 	  0.63063987
370 	 185.61792 	  0.68450029
371 	 186.08635 	 -0.94948711
372 	 186.75074 	 -0.81993562
373 	 187.2528 	  0.32960566
374 	 187.85743 	  0.86975408
375 	 188.34935 	  0.89172001
376 	 188.69924 	  0.86214139
377 	 189.02533 	 -0.53079623
378 	 189.35739 	 -0.77222487
379 	 190.08027 	  0.16822007
380 	 190.59747 	  0.10445286
381 	 191.13782 	  0.24154049
382 	 191.94479 	 -0.28074279
383 	 192.78893 	  0.34962819
384 	 193.48667 	 -0.027679988
385 	 194.05645 	 -0.018144984
386 	 194.39613 	 -0.55117348
387 	 194.8855 	 -0.40500308
388 	 195.16337 	  0.61485993
389 	 195.63244 	  0.079170173
390 	 196.10605 	  0.35450726
391 	 196.37435 	 -0.60273563
392 	 196.92714 	  0.68404282
393 	 197.34544 	 -0.016953461
394 	 197.87592 	  0.57477751
395 	 198.56426 	 -0.20198073
396 	 199.2766 	  0.60137404
397 	 199.70365 	  0.0044651084
398 	 200.18896 	  0.067352019
399 	 200.78655 	  0.44872164
400 	 201.35144 	  0.86464978
401 	 201.79254 	 -0.23026022
402 	 202.50248 	  0.020977043
403 	 202.96272 	  0.96547208
404 	 203.49747 	  0.94582961
405 	 204.07772 	 -0.96705674
406 	 204.57216 	  0.45596012
407 	 205.41922 	  0.62460481
408 	 205.91929 	  0.24828421
409 	 206.33826 	 -0.069517713
410 	 206.83771 	 -0.91929551
411 	 207.29925 	 -0.053583804
412 	 207.57656 	  0.2763149
413 	 207.80976 	 -0.089677175
414 	 208.48916 	 -0.72427653
415 	 209.05248 	 -0.2899943
416 	 209.56694 	 -0.20759498
417 	 210.1349 	  0.47376793
418 	 210.5052 	  0.62367411
419 	 210.97309 	 -0.40111462
420 	 211.50173 	  0.75083207
421 	 211.99171 	 -0.73605533
422 	 212.37318 	  0.15428672
423 	 213.02466 	 -0.88518361
424 	 213.3228 	  0.60113866
425 	 213.8752 	 -0.48925208
426 	 214.43622 	 -0.72856693
427 	 214.86787 	 -0.32895308
428 	 215.37689 	  0.19462317
429 	 215.87396 	  0.82776878
430 	 216.24513 	 -0.924223
431 	 216.63725 	  0.61147558
432 	 217.37446 	 -0.83175043
433 	 217.9237 	 -0.18846367
434 	 218.38766 	  0.65628565
435 	 219.24631 	  0.67898508
436 	 220.00096 	 -0.40676175
437 	 220.49838 	 -0.31189372
438 	 221.26225 	 -0.93679786
439 	 221.91939 	 -0.47800704
440 	 222.5642 	  0.62213591
441 	 223.01079 	  0.34888318
442 	 223.7145 	  0.94002745
443 	 224.2087 	  0.90633114
444 	 224.66297 	 -0.3153448
445 	 225.32259 	 -0.9909502
446 	 226.0429 	 -0.68104383
447 	 226.53995 	 -0.99110102
448 	 226.98669 	  0.75645715
449 	 227.56326 	  0.63483331
450 	 228.30684 	  0.031970835
451 	 228.8743 	  0.74416669
452 	 229.31412 	  0.46744088
453 	 229.79595 	  0.44122111
454 	 230.31099 	 -0.18718685
455 	 230.71829 	 -0.44218983
456 	 231.38841 	 -0.71093081
457 	 231.7973 	 -0.07057284
458 	 232.20186 	 -0.94794087
459 	 232.58822 	 -0.68075559
460 	 233.11878 	  0.53353151
461 	 233.34387 	  0.042832458
462 	 233.99153 	  0.93639256
463 	 234.50724 	  0.67271093
464 	 234.95835 	  0.9171909
465 	 235.36027 	 -0.91018205
466 	 235.83313 	 -0.86558143
467 	 236.16329 	  0.15190136
468 	 236.55884 	 -0.41536862
469 	 237.32793 	  0.66378512
470 	 237.76541 	  0.47044599
471 	 238.2592 	  0.61759102
472 	 238.56914 	 -0.48113165
473 	 239.05839 	  0.97821165
474 	 239.56342 	 -0.10297074
475 	 240.04836 	 -0.19760644
476 	 240.3851 	  0.19627376
477 	 241.07334 	 -0.67798969
478 	 241.48361 	  0.40828941
479 	 241.97821 	 -0.23053692
480 	 242.29261 	 -0.3508849
481 	 242.87333 	 -0.25596314
482 	 242.99866 	  0.25717758
483 	 243.64784 	 -0.19150401
484 	 244.08341 	  0.42371889
485 	 244.41939 	  0.3528804
486 	 244.79514 	 -0.9678749
487 	 245.02464 	  0.85212538
488 	 245.3465 	 -0.93749556
489 	 245.95119 	 -0.45561018
490 	 246.65417 	 -0.20197208
491 	 247.33855 	 -0.74439552
492 	 247.84995 	 -0.44820208
493 	 248.60636 	 -0.23595874
494 	 249.22148 	 -0.78230943
495 	 249.99929 	 -0.68821487
496 	 250.57603 	 -0.44290248
497 	 251.2493 	  0.47800106
498 	 251.51203 	 -0.67987607
499 	 252.04068 	 -0.96738596
500 	 252.70915 	 -0.50269342
501 	 253.35193 	  0.83748542
502 	 254.00364 	  0.32441767
503 	 254.72669 	 -0.75938334
504 	 255.39267 	 -0.71265345
505 	 255.71208 	 -0.73576981
506 	 256.32729 	  0.35612869
507 	 256.97082 	  0.66310305
508 	 257.19411 	 -0.11210107
509 	 257.95525 	  0.037909491
510 	 258.34083 	 -0.17895283
511 	 258.80547 	  0.16180203
512 	 259.38174 	  0.91817125
513 	 260.01369 	  0.11393028
514 	 260.39668 	  0.090213657
515 	 260.92359 	 -0.63972207
516 	 261.53107 	  0.16538426
517 	 261.81289 	 -0.86948212
518 	 262.53766 	 -0.80862818
519 	 262.75828 	 -0.88961818
520 	 263.38121 	  0.21081797
521 	 263.58989 	  0.079469388
522 	 263.99157 	  0.18739258
523 	 264.3956 	 -0.90975965
524 	 264.71542 	 -0.82407583
525 	 265.29328 	  0.56825366
526 	 265.75495 	  0.57501481
527 	 266.15838 	  0.32163869
528 	 266.57004 	  0.42921534
529 	 267.16813 	 -0.85479609
530 	 267.64857 	 -0.89120072
531 	 268.01822 	  0.85746802
532 	 268.53137 	  0.018040793
533 	 268.81509 	 -0.16696065
534 	 269.32517 	 -0.4571126
535 	 269.47861 	 -0.0060411443
536 	 270.09675 	  0.36709018
537 	 270.68814 	 -0.091691072
538 	 271.11565 	  0.22613839
539 	 271.86201 	  0.72708008
540 	 272.46044 	  0.90749742
541 	 273.13849 	  0.76945696
542 	 273.55256 	 -0.11570423
543 	 274.08057 	 -0.27648659
544 	 274.57912 	 -0.44803537
545 	 275.11613 	 -0.66971276
546 	 275.46633 	  0.45066392
547 	 275.93187 	 -0.61217108
548 	 276.57687 	  0.024134873
549 	 277.02316 	 -0.83141021
550 	 277.45902 	 -0.35302468
551 	 278.16646 	 -0.75132878
552 	 278.50981 	  0.91975141
553 	 278.93607 	 -0.3180111
554 	 279.39543 	  0.63708278
555 	 279.77982 	 -0.89107333
556 	 280.56212 	 -0.16502539
557 	 280.87028 	  0.12749675
558 	 281.41508 	  0.7157222
559 	 282.04715 	  0.18871406
560 	 282.41139 	  0.16304202
561 	 282.99858 	  0.44241365
562 	 283.47517 	 -0.361419
563 	 284.07917 	 -0.0049659476
564 	 284.92265 	 -0.91972754
565 	 285.47023 	  0.28683534
566 	 286.0701 	 -0.3636181
567 	 286.43264 	 -0.64666494
568 	 286.96037 	 -0.29224043
569 	 287.42092 	  0.57759619
570 	 287.9679 	 -0.63047128
571 	 288.68441 	 -0.60144578
572 	 289.27557 	  0.93791145
573 	 289.51999 	  0.55611727
574 	 289.97864 	 -0.35559435
575 	 290.39799 	 -0.49078674
576 	 290.88111 	  0.7184623
577 	 291.18045 	  0.16002264
578 	 291.80883 	  0.37686456
579 	 292.48551 	 -0.18833894
580 	 293.1745 	 -0.89364979
581 	 293.79511 	 -0.2825459
582 	 294.32796 	 -0.23940964
583 	 294.94093 	 -0.72375882
584 	 295.71907 	 -0.96952301
585 	 296.08283 	  0.74020528
586 	 296.61603 	 -0.65203226
587 	 296.93217 	  0.76224045
588 	 297.31758 	  0.3498736
589 	 297.68549 	  0.72256117
590 	 298.2837 	  0.21870563
591 	 298.80152 	  0.89665797
592 	 299.42663 	 -0.87275315
593 	 299.91832 	 -0.19753863
594 	 300.39865 	 -0.24551343
595 	 300.73691 	  0.79533373
596 	 300.95909 	 -0.40948202
597 	 301.63086 	 -0.75273609
598 	 301.97218 	  0.50910328
599 	 302.33051 	 -0.87284819
600 	 302.91739 	 -0.2874307
601 	 303.50617 	  0.53257712
602 	 304.32425 	 -0.59307545
603 	 305.12005 	 -0.28947737
604 	 305.73238 	 -0.75437975
605 	 305.99262 	 -0.47357369
606 	 306.50631 	 -0.82884266
607 	 306.71898 	 -0.020504293
608 	 307.18627 	  0.48100548
609 	 307.83039 	 -0.72010857
610 	 308.21092 	  0.58596285
611 	 308.71786 	  0.22918234
612 	 309.15258 	  0.62559151
613 	 309.53442 	 -0.99328639
614 	 310.01399 	 -0.11151131
615 	 310.54595 	 -0.079579869
616 	 310.98755 	 -0.19868167
617 	 311.72712 	 -0.1069432
618 	 312.02129 	  0.3657364
619 	 312.37202 	  0.45378101
620 	 313.06323 	 -0.41106858
621 	 313.20801 	  0.73228014
622 	 313.70319 	  0.43524045
623 	 314.09388 	  0.43699353
624 	 314.64925 	 -0.99080721
625 	 315.36779 	 -0.51037979
626 	 316.1203 	 -0.025985922
627 	 316.62002 	  0.53748863
628 	 317.10921 	 -0.6029162
629 	 317.46581 	  0.25351055
630 	 317.85198 	 -0.7125816
631 	 318.41227 	  0.59370182
632 	 318.66867 	  0.35952349
633 	 319.12536 	  0.80690258
634 	 319.45882 	 -0.035663174
635 	 319.78888 	  0.7688443
636 	 320.6573 	 -0.56176802
637 	 321.13338 	  0.5031971
638 	 321.79734 	  0.60658565
639 	 322.31252 	  0.93910288
640 	 322.52229 	  0.43514261
641 	 323.0202 	  0.71664583
642 	 323.56902 	  0.31594547
643 	 324.21533 	 -0.71400831
644 	 324.81101 	 -0.73212318
645 	 325.18562 	 -0.30281867
646 	 325.50159 	 -0.54657809
647 	 325.97323 	  0.051878133
648 	 326.5237 	  0.70505353
649 	 326.74161 	  0.75470267
650 	 327.2979 	  0.71219145
651 	 327.73647 	 -0.88339562
652 	 328.11032 	  0.081944531
653 	 328.92134 	 -0.71366318
654 	 329.42645 	  0.41023192
655 	 329.94106 	 -0.20912466
656 	 330.47598 	  0.97480818
657 	 330.94135 	 -0.78691162
658 	 331.47792 	 -0.75545034
659 	 331.95865 	  0.035567919
660 	 332.58404 	 -0.67110115
661 	 333.04969 	 -0.12823567
662 	 333.55027 	  0.57829438
663 	 333.93136 	 -0.2152527
664 	 334.48738 	 -0.17812373
665 	 334.87789 	  0.68459437
666 	 335.22349 	  0.60700738
667 	 335.83681 	 -0.46545688
668 	 336.38316 	  0.52164902
669 	 336.74557 	  0.20162654
670 	 337.22115 	 -0.70663984
671 	 337.45096 	  0.49481477
672 	 337.92035 	 -0.84626225
673 	 338.35946 	  0.027725212
674 	 338.93507 	 -0.099925565
675 	 339.64865 	 -0.65900494
676 	 339.93358 	 -0.42872001
677 	 340.40219 	  0.38590331
678 	 340.9135 	 -0.4211965
679 	 341.31514 	  0.51401664
680 	 341.79001 	  0.24345878
681 	 342.35692 	 -0.19495313
682 	 342.8639 	 -0.92267018
683 	 343.61541 	 -0.80733304
684 	 344.14307 	  0.84297621
685 	 344.8501 	  0.013543765
686 	 345.56276 	 -0.99042587
687 	 346.15211 	 -0.61239208
688 	 346.70007 	  0.84118411
689 	 347.41017 	 -0.5278079
690 	 347.72266 	  0.93173684
691 	 348.11657 	  0.50867605
692 	 348.72323 	  0.13577048
693 	 348.92482 	 -0.74852574
694 	 349.43401 	 -0.18022109
695 	 350.02251 	 -0.69739983
696 	 350.66881 	 -0.71459114
697 	 351.22088 	 -0.46008271
698 	 351.78834 	  0.069857873
699 	 352.42655 	  0.74532234
700 	 353.06777 	 -0.50988868
701 	 353.22742 	  0.078359817
702 	 353.6255 	  0.40347403
703 	 353.94849 	  0.16884305
704 	 354.58682 	 -0.31930352
705 	 355.09607 	 -0.29925143
706 	 355.51576 	  0.78962864
707 	 356.30161 	  0.48393343
708 	 356.61333 	 -0.70447949
709 	 357.24217 	  0.48688885
710 	 357.95441 	 -0.59937155
711 	 358.45082 	  0.45448777
712 	 359.02065 	 -0.76668446
713 	 359.81245 	 -0.4306371
714 	 360.02152 	 -0.96574148
715 	 360.44419 	  0.59865776
716 	 360.92106 	  0.89898187
717 	 361.15912 	 -0.85269687
718 	 361.51296 	  0.053609543
719 	 361.83304 	 -0.92367883
720 	 362.53544 	  0.49099828
721 	 363.1652 	 -0.32986772
722 	 363.71737 	 -0.56999488
723 	 363.95239 	 -0.066494553
724 	 364.46161 	 -0.19201098
725 	 364.6393 	 -0.45301645
726 	 365.42343 	  0.17356707
727 	 366.06827 	 -0.5334237
728 	 366.67931 	  0.10132867
729 	 367.18427 	  0.71371689
730 	 367.61909 	  0.12519873
731 	 368.08612 	 -0.15053596
732 	 368.2774 	  0.47388784
733 	 368.79986 	  0.58412292
734 	 369.13326 	 -0.9699152
735 	 369.77939 	 -0.85171428
736 	 370.27112 	  0.40316075
737 	 370.66854 	  0.81967892
738 	 371.12023 	 -0.71029337
739 	 371.56133 	  0.33953001
740 	 372.20552 	  0.21970153
741 	 372.90054 	  0.76918991
742 	 373.39683 	  0.24014449
743 	 373.65196 	 -0.62737182
744 	 374.10058 	  0.26295163
745 	 374.86758 	 -0.11581024
746 	 375.24876 	 -0.30990449
747 	 375.74413 	 -0.89357598
748 	 376.34825 	 -0.1978991
749 	 376.85226 	 -0.21206677
750 	 377.36496 	  0.28775389
751 	 377.81355 	  0.9592661
752 	 378.64625 	  0.51417912
753 	 379.19846 	 -0.69394661
754 	 379.63139 	  0.76294388
755 	 380.28722 	 -0.048933322
756 	 380.98971 	 -0.7798794
757 	 381.35481 	 -0.25427308
758 	 381.64 	 -0.9422158
759 	 382.07727 	  0.50630423
760 	 382.37799 	  0.91882542
761 	 382.81301 	 -0.32236975
762 	 383.35766 	  0.44117096
763 	 383.75882 	 -0.97820482
764 	 383.94161 	 -0.887658
765 	 384.53062 	 -0.72373972
766 	 385.14066 	 -0.82522068
767 	 385.37614 	  0.69611288
768 	 385.97404 	  0.42200682
769 	 386.70672 	 -0.4741592
770 	 387.16806 	 -0.37565275
771 	 387.55591 	  0.32992725
772 	 388.11444 	  0.91639831
773 	 388.60975 	 -0.82964219
774 	 389.15666 	 -0.72621723
775 	 389.64124 	 -0.37887268
776 	 390.088 	 -0.60237678
777 	 390.62821 	 -0.4743515
778 	 391.34221 	  0.84852522
779 	 391.81751 	 -0.78482072
780 	 392.32738 	  0.55395082
781 	 392.87327 	 -0.83870706
782 	 393.55646 	  0.5669344
783 	 393.92279 	 -0.8032628
784 	 394.44079 	  0.50070781
785 	 394.91438 	  0.1588761
786 	 395.48479 	 -0.44886663
787 	 395.77267 	 -0.74597852
788 	 396.42615 	 -0.44778045
789 	 396.84628 	 -0.67523512
790 	 397.36578 	  0.12083918
791 	 397.90171 	  0.033074048
792 	 398.28606 	 -0.85962596
793 	 398.85629 	 -0.38079439
794 	 399.60838 	 -0.28980646
795 	 400.32038 	 -0.11860681
796 	 400.73082 	 -0.88854625
797 	 401.21749 	 -0.74084179
798 	 401.72233 	  0.98019545
799 	 402.19847 	  0.74221235
800 	 402.71879 	  0.98127813
801 	 403.38747 	  0.67544565
802 	 404.10269 	  0.54401601
803 	 404.45016 	  0.021403806
804 	 404.92855 	  0.99261719
805 	 405.39311 	  0.66566439
806 	 406.19429 	 -0.77570544
807 	 406.74377 	  0.1957187
808 	 407.5338 	 -0.9153554
809 	 407.87973 	  0.68646552
810 	 408.68475 	 -0.6160592
811 	 409.2281 	  0.40155491
812 	 409.76635 	  0.37212736
813 	 410.27217 	 -0.51805503
814 	 410.80606 	  0.095300616
815 	 411.37704 	  0.76436748
816 	 411.79003 	 -0.15861747
817 	 412.25673 	  0.088180948
818 	 412.95002 	  0.38649709
819 	 413.39396 	 -0.13841656
820 	 413.58864 	 -0.22733863
821 	 414.01465 	 -0.5841814
822 	 414.59455 	  0.91714065
823 	 414.88382 	 -0.057262414
824 	 415.34066 	  0.25974891
825 	 415.87567 	 -0.56949503
826 	 416.1658 	 -0.42723532
827 	 416.60749 	 -0.22782706
828 	 416.90114 	 -0.29536435
829 	 417.52722 	  0.42065178
830 	 417.88194 	  0.43434837
831 	 418.31093 	  0.13822996
832 	 418.81696 	 -0.52211474
833 	 419.27852 	  0.53111682
834 	 420.04644 	 -0.98774589
835 	 420.7449 	  0.18500112
836 	 421.31745 	 -0.67454031
837 	 421.9383 	 -0.17890412
838 	 422.74445 	  0.40083935
839 	 423.438 	 -0.75335829
840 	 423.83386 	  0.47605407
841 	 424.46317 	  0.3478184
842 	 424.94254 	 -0.85413144
843 	 425.34894 	  0.65682165
844 	 425.86916 	  0.27890925
845 	 426.62092 	 -0.088812268
846 	 426.99414 	 -0.70098692
847 	 427.54611 	 -0.7585843
848 	 428.07049 	  0.41349266
849 	 428.56106 	 -0.3468615
850 	 429.12325 	 -0.54739802
851 	 429.45517 	  0.35968713
852 	 430.00169 	 -0.66542073
853 	 430.47236 	  0.7795553
854 	 430.63277 	  0.84383765
855 	 431.10082 	  0.86467465
856 	 431.80979 	 -0.54476381
857 	 432.39654 	  0.085636875
858 	 432.85441 	  0.3443317
859 	 433.32499 	  0.30239148
860 	 434.05465 	 -0.39717022
861 	 434.59407 	  0.5200168
862 	 435.05968 	  0.40888528
863 	 435.64702 	  0.56749356
864 	 436.16405 	 -0.62278248
865 	 436.60211 	  0.71602008
866 	 437.19368 	  0.33314384
867 	 437.64806 	  0.036474453
868 	 438.06334 	  0.77729066
869 	 438.58957 	  0.93270397
870 	 439.1598 	 -0.2723241
871 	 439.64782 	  0.53390794
872 	 440.00462 	  0.072528903
873 	 440.26475 	 -0.10911819
874 	 440.78338 	  0.78255819
875 	 441.29102 	  0.79741129
876 	 442.02749 	 -0.34877549
877 	 442.4541 	  0.016110392
878 	 443.00698 	 -0.63708647
879 	 443.3759 	  0.90977139
880 	 444.01401 	  0.59418967
881 	 444.4651 	 -0.29699956
882 	 444.9823 	  0.15518011
883 	 445.12144 	  0.85055333
884 	 445.95789 	 -0.29648991
885 	 446.61158 	 -0.036780657
886 	 446.84943 	  0.36189072
887 	 447.28044 	  0.92067642
888 	 448.04516 	 -0.066372264
889 	 448.69795 	  0.80232696
890 	 449.14998 	  0.76425059
891 	 449.39685 	 -0.26367697
892 	 449.78369 	  0.40834953
893 	 450.58923 	 -0.81043166
894 	 451.05691 	  0.63513078
895 	 451.71846 	  0.15670394
896 	 452.35609 	  0.12311829
897 	 453.22288 	 -0.31148271
898 	 453.85388 	  0.21525332
899 	 454.4856 	 -0.54344086
900 	 455.14933 	  0.48687012
901 	 455.86541 	  0.67616115
902 	 456.05095 	  0.50211503
903 	 456.7791 	 -0.049772544
904 	 457.36762 	  0.051124537
905 	 457.76133 	 -0.33948197
906 	 458.18776 	  0.92903761
907 	 458.65539 	 -0.43483098
908 	 458.99563 	 -0.63383624
909 	 459.37257 	  0.068852391
910 	 459.83472 	  0.35178026
911 	 460.35222 	  0.31738167
912 	 461.09946 	 -0.53700786
913 	 461.70414 	 -0.036898149
914 	 462.15447 	  0.10825233
915 	 462.78003 	  0.034238723
916 	 463.24703 	 -0.86984979
917 	 463.84888 	 -0.51406753
918 	 464.34562 	 -0.47592003
919 	 464.62921 	 -0.45177846
920 	 465.10256 	 -0.8338883
921 	 465.48783 	 -0.39137511
922 	 466.37935 	  0.72113112
923 	 466.68815 	  0.97342222
924 	 467.21048 	 -0.89832027
925 	 467.84828 	  0.3150134
926 	 468.23017 	 -0.071117089
927 	 468.58126 	 -0.76468126
928 	 469.16691 	  0.74496341
929 	 469.56579 	  0.1858398
930 	 470.05856 	  0.73237826
931 	 470.47086 	  0.24626719
932 	 470.93159 	 -0.92303915
933 	 471.50349 	  0.5291441
934 	 471.89723 	  0.079719653
935 	 472.22284 	  0.91438265
936 	 472.69684 	  0.88590362
937 	 473.51006 	 -0.32390059
938 	 473.95766 	  0.68146338
939 	 474.55295 	  0.39500963
940 	 475.36896 	 -0.89065504
941 	 476.20197 	 -0.41429255
942 	 476.67234 	 -0.35917848
943 	 477.18715 	 -0.82402233
944 	 477.82498 	  0.19437221
945 	 478.47773 	 -0.28380383
946 	 478.82191 	  0.54824506
947 	 479.28816 	 -0.84226195
948 	 479.60522 	  0.081851879
949 	 480.14386 	  0.07253783
950 	 480.82057 	 -0.16934445
951 	 481.6343 	 -0.40537125
952 	 481.98168 	  0.95686459
953 	 482.44237 	  0.88427866
954 	 483.14612 	 -0.78197919
955 	 483.59637 	  0.26634156
956 	 484.05027 	 -0.12662666
957 	 484.6368 	 -0.60061214
958 	 485.11701 	  0.60848898
959 	 485.52557 	 -0.61406041
960 	 486.064 	  0.45668502
961 	 486.80081 	 -0.23260682
962 	 487.22665 	 -0.74440615
963 	 487.87847 	 -0.19239424
964 	 488.40698 	 -0.23485831
965 	 488.53116 	 -0.46464343
966 	 488.80661 	 -0.31922108
967 	 489.23197 	 -0.79240351
968 	 489.74375 	 -0.69418059
969 	 490.14717 	 -0.90693032
970 	 490.52481 	 -0.7592453
971 	 491.10793 	 -0.4234196
972 	 491.60404 	  0.97577475
973 	 492.0705 	  0.10491474
974 	 492.55952 	  0.89757121
975 	 492.80749 	  0.65287487
976 	 493.27256 	 -0.17013392
977 	 493.76953 	  0.73630257
978 	 494.27292 	 -0.4085336
979 	 495.08494 	 -0.99048612
980 	 495.54022 	  0.37447053
981 	 495.94645 	  0.044235045
982 	 496.36382 	 -0.79599979
983 	 497.20096 	 -0.21007067
984 	 497.6901 	  0.85551137
985 	 497.94769 	 -0.47420646
986 	 498.53907 	  0.25505654
987 	 499.02451 	 -0.74309866
988 	 499.22582 	 -0.84856682
989 	 499.48096 	  0.17876415
990 	 499.8407 	  0.66185713
991 	 500.41919 	  0.69799481
992 	 500.95046 	 -0.021200205
993 	 501.57734 	  0.58128109
994 	 501.86705 	 -0.46925234
995 	 502.18225 	 -0.24565445
996 	 502.84091 	 -0.46496144
997 	 503.42499 	 -0.55890605
998 	 503.83242 	  0.68334643
999 	 501.48784 	 -0.60655783
FUNCTION PROFILE: 
0 	 0.947473175223
1 	 0.214868978709
2 	 0.087712978996
3 	 0.149631208898
4 	 0.131162219207
5 	 0.699511067426
6 	 0.090253948034
7 	 0.564886138053
8 	 0.995684243512
9 	 0.977720738081
10 	 0.559989015851
11 	 0.663612875343
12 	 0.020882821117
13 	 0.697063895401
14 	 0.065495768632
15 	 0.836429198584
16 	 0.097681351731
17 	 0.483651305187
18 	 0.360643460197
19 	 0.623604113147
20 	 0.698327121733
21 	 0.220478709
22 	 0.139480147864
23 	 0.306989338422
24 	 0.033368449423
25 	 0.813535222196
26 	 0.24168052204
27 	 0.76790135333
28 	 0.524998451976
29 	 0.999574608219
30 	 0.154084691025
31 	 0.074099277885
32 	 0.316651948215
33 	 0.573085841091
34 	 0.795256368023
35 	 0.750227499525
36 	 0.773986971219
37 	 0.740176264782
38 	 0.421568727626
39 	 0.568011347515
40 	 0.107684091086
41 	 0.671789084677
42 	 0.27536594701
43 	 0.212617606617
44 	 0.630066395318
45 	 0.371360290089
46 	 0.917200596688
47 	 0.558748883527
48 	 0.703902086765
49 	 0.083366780072
50 	 0.197391807109
51 	 0.802352404197
52 	 0.702933785153
53 	 0.275810062068
54 	 0.926085323388
55 	 0.639605971857
56 	 0.830442386995
57 	 0.074896729274
58 	 0.965736674074
59 	 0.391345165508
60 	 0.49820799601
61 	 0.665127668516
62 	 0.769420212683
63 	 0.939422951551
64 	 0.521919172926
65 	 0.325427480442
66 	 0.204626841149
67 	 0.301182827279
68 	 0.346464831226
69 	 0.170581334542
70 	 0.298827764898
71 	 0.372349942485
72 	 0.168892421877
73 	 0.01926694572
74 	 0.035762733884
75 	 0.401679946673
76 	 0.149726909325
77 	 0.546414455015
78 	 0.468635567051
79 	 0.155393345649
80 	 0.97687736648
81 	 0.457387447302
82 	 0.393952412293
83 	 0.1897087398
84 	 0.592690274209
85 	 0.339321746577
86 	 0.201478695609
87 	 0.114651475327
88 	 0.894587575513
89 	 0.05201742568
90 	 0.303884825018
91 	 0.915381223202
92 	 0.450264281051
93 	 0.822519920396
94 	 0.951040771598
95 	 0.420642107613
96 	 0.479462166369
97 	 0.808645852654
98 	 0.727352729438
99 	 0.665156958643
100 	 0.066318343063
101 	 0.736554325851
102 	 0.177877908313
103 	 0.523304039725
104 	 0.845771084668
105 	 0.442459720937
106 	 0.600941504329
107 	 0.261002815984
108 	 0.864947031473
109 	 0.112286073974
110 	 0.330282158115
111 	 0.784273951567
112 	 0.622010393226
113 	 0.40087881452
114 	 0.397729557766
115 	 0.659714440894
116 	 0.294330670454
117 	 0.390059439322
118 	 0.313026764347
119 	 0.923369047026
120 	 0.382442764308
121 	 0.452611008488
122 	 0.581661592647
123 	 0.397916806663
124 	 0.944950843603
125 	 0.001761228895
126 	 0.883312610607
127 	 0.940510233209
128 	 0.073339162434
129 	 0.3060970241
130 	 0.038589419129
131 	 0.774136018658
132 	 0.902060420428
133 	 0.427297153351
134 	 0.593939208279
135 	 0.587824204558
136 	 0.70424470444
137 	 0.756081401423
138 	 0.84573351023
139 	 0.018767522027
140 	 0.211614287419
141 	 0.856313318663
142 	 0.341584262652
143 	 0.264585031746
144 	 0.085356744366
145 	 0.723348429963
146 	 0.707687954422
147 	 0.86744837621
148 	 0.803550578765
149 	 0.125370683714
150 	 0.47595828242
151 	 0.711716924182
152 	 0.407108599873
153 	 0.37641907807
154 	 0.073891800583
155 	 0.490321719225
156 	 0.311302729472
157 	 0.753887043692
158 	 0.102585706589
159 	 0.547947514002
160 	 0.508052536023
161 	 0.423395285073
162 	 0.81205395647
163 	 0.793129814701
164 	 0.713482152645
165 	 0.175239744158
166 	 0.978812839841
167 	 0.932683887517
168 	 0.812745849442
169 	 0.611428708757
170 	 0.685719471753
171 	 0.237306765219
172 	 0.223425210914
173 	 0.916242767782
174 	 0.795010233666
175 	 0.401987499523
176 	 0.157570114
177 	 0.970321676102
178 	 0.951613237201
179 	 0.684145393711
180 	 0.603920699112
181 	 0.814130501481
182 	 0.154550854993
183 	 0.141598378636
184 	 0.083978611651
185 	 0.607563718379
186 	 0.653264362575
187 	 0.347004165942
188 	 0.742346800499
189 	 0.288643450394
190 	 0.115078488561
191 	 0.327511301075
192 	 0.848142954177
193 	 0.849459926042
194 	 0.341142406734
195 	 0.867870173273
196 	 0.683332935871
197 	 0.178898817067
198 	 0.880237088596
199 	 0.616747872595
200 	 0.993074202381
201 	 0.909910637765
202 	 0.240977144977
203 	 0.619390571301
204 	 0.794787207449
205 	 0.264333479049
206 	 0.381284877976
207 	 0.121947483843
208 	 0.102582251933
209 	 0.118993136952
210 	 0.432085621977
211 	 0.53870381984
212 	 0.386845488721
213 	 0.057913952382
214 	 0.810538032119
215 	 0.581440258431
216 	 0.768780915958
217 	 0.511490252988
218 	 0.633422381932
219 	 0.160316286864
220 	 0.975122966938
221 	 0.592183313222
222 	 0.049679534576
223 	 0.513195341779
224 	 0.780966810913
225 	 0.066219906142
226 	 0.841601043806
227 	 0.547122203338
228 	 0.066179134818
229 	 0.737574645147
230 	 0.759079178094
231 	 0.798944458994
232 	 0.206598314592
233 	 0.748385946701
234 	 0.961709182249
235 	 0.201428520171
236 	 0.006135526825
237 	 0.370394944791
238 	 0.297028019968
239 	 0.361128619798
240 	 0.988689526977
241 	 0.374708256855
242 	 0.121041489491
243 	 0.243497745299
244 	 0.231125411522
245 	 0.65211516926
246 	 0.749218911966
247 	 0.605118534845
248 	 0.416666047064
249 	 0.977900108736
250 	 0.341428649423
251 	 0.142676433734
252 	 0.605026165784
253 	 0.269526455614
254 	 0.51217822417
255 	 0.468882572889
256 	 0.364440428264
257 	 0.562844434371
258 	 0.602799815794
259 	 0.562427719774
260 	 0.452635671802
261 	 0.837236453552
262 	 0.616300332268
263 	 0.806792145569
264 	 0.678923350418
265 	 0.677066239799
266 	 0.018751770598
267 	 0.417413610868
268 	 0.181051146486
269 	 0.430111811095
270 	 0.434691107133
271 	 0.478966309674
272 	 0.341558554789
273 	 0.193283772371
274 	 0.053541510971
275 	 0.13161901642
276 	 0.793055790267
277 	 0.528195019419
278 	 0.606223645832
279 	 0.106108494298
280 	 0.02714720553
281 	 0.904123871813
282 	 0.683429453107
283 	 0.897012731412
284 	 0.84219865592
285 	 0.181626860258
286 	 0.258436197348
287 	 0.772376501938
288 	 0.08183598554
289 	 0.940817515477
290 	 0.82995491363
291 	 0.10912899554
292 	 0.789138415018
293 	 0.492012657031
294 	 0.8672449444
295 	 0.851732487298
296 	 0.457449834718
297 	 0.851633732498
298 	 0.738308755346
299 	 0.256437124218
300 	 0.546519800263
301 	 0.963232464506
302 	 0.034611918115
303 	 0.666688389712
304 	 0.36577828143
305 	 0.161548856902
306 	 0.083434605325
307 	 0.61798048074
308 	 0.491586358663
309 	 0.535224502158
310 	 0.173623840848
311 	 0.98833899421
312 	 0.312620762223
313 	 0.786272527412
314 	 0.664265798504
315 	 0.635393381763
316 	 0.226038856188
317 	 0.229287043702
318 	 0.09254417644
319 	 0.498466463705
320 	 0.644448501336
321 	 0.464765688944
322 	 0.784792005269
323 	 0.548415679778
324 	 0.599107786425
325 	 0.609714819184
326 	 0.240127863156
327 	 0.360449378684
328 	 0.448321380127
329 	 0.592257336483
330 	 0.644827087356
331 	 0.704424010202
332 	 0.626614657969
333 	 0.332034583889
334 	 0.507314076935
335 	 0.7819220594
336 	 0.629865820077
337 	 0.589737725652
338 	 0.103000048853
339 	 0.00424154391
340 	 0.934150071461
341 	 0.01446802979
342 	 0.671883171878
343 	 0.115211853984
344 	 0.55294926971
345 	 0.053054328883
346 	 0.744551975228
347 	 0.393106587782
348 	 0.258086976443
349 	 0.836024823719
350 	 0.07574107079
351 	 0.35762176557
352 	 0.362531925153
353 	 0.092917082773
354 	 0.991282561168
355 	 0.554875606281
356 	 0.73377053424
357 	 0.586047279265
358 	 0.552704666806
359 	 0.581082575219
360 	 0.784649699651
361 	 0.272071253177
362 	 0.151877184626
363 	 0.553065507469
364 	 0.417233604002
365 	 0.132570509735
366 	 0.950384433615
367 	 0.363181844017
368 	 0.671098845632
369 	 0.119933450514
370 	 0.134767735281
371 	 0.120654842794
372 	 0.526044001664
373 	 0.653419537098
374 	 0.478063546907
375 	 0.077641043093
376 	 0.018400938767
377 	 0.972119534232
378 	 0.453395441247
379 	 0.163581635711
380 	 0.222195156084
381 	 0.770524990851
382 	 0.876229779208
383 	 0.021419360821
384 	 0.001116772719
385 	 0.875719442376
386 	 0.87160378964
387 	 0.974072948892
388 	 0.823191686554
389 	 0.390566570135
390 	 0.375697124292
391 	 0.154363638499
392 	 0.610532571197
393 	 0.324686103684
394 	 0.841736292092
395 	 0.419634215049
396 	 0.100456017194
397 	 0.480492267602
398 	 0.250759478883
399 	 0.940349921897
400 	 0.553152156942
401 	 0.586732401876
402 	 0.287122048815
403 	 0.141130734311
404 	 0.284745449231
405 	 0.796888942166
406 	 0.9693171695
407 	 0.42992069727
408 	 0.715398097104
409 	 0.404896582368
410 	 0.656323190811
411 	 0.312303812185
412 	 0.109432557623
413 	 0.77070224955
414 	 0.166132633816
415 	 0.725546498826
416 	 0.728730656501
417 	 0.514003278503
418 	 0.687027110302
419 	 0.672619459009
420 	 0.301516525155
421 	 0.545753080048
422 	 0.280447483743
423 	 0.349897715766
424 	 0.292818245355
425 	 0.894535829659
426 	 0.265829932857
427 	 0.572317863624
428 	 0.699135969641
429 	 0.13271672166
430 	 0.819546036091
431 	 0.056341412364
432 	 0.444787891301
433 	 0.206512796882
434 	 0.788855301399
435 	 0.040615797482
436 	 0.827374793433
437 	 0.579236543932
438 	 0.703120406166
439 	 0.193615798468
440 	 0.478275906382
441 	 0.80431533511
442 	 0.949406635755
443 	 0.836672531964
444 	 0.720367495607
445 	 0.432323201499
446 	 0.273473934299
447 	 0.402979079279
448 	 0.171503792806
449 	 0.005381302287
450 	 0.111224231079
451 	 0.642647991265
452 	 0.445438366702
453 	 0.64674404938
454 	 0.185648350048
455 	 0.628248157457
456 	 0.227670401498
457 	 0.567169081608
458 	 0.423171736817
459 	 0.542200510683
460 	 0.779422595245
461 	 0.926966208057
462 	 0.589998725313
463 	 0.285001329976
464 	 0.215458488737
465 	 0.767984562529
466 	 0.516975571965
467 	 0.31027602876
468 	 0.906925879083
469 	 0.190746784229
470 	 0.78167560429
471 	 0.807771686257
472 	 0.884251557968
473 	 0.411261882761
474 	 0.951519445323
475 	 0.389721689982
476 	 0.225325655161
477 	 0.137054451587
478 	 0.403337644684
479 	 0.303793702189
480 	 0.580780936213
481 	 0.59686340505
482 	 0.982962053871
483 	 0.017989362262
484 	 0.495211019837
485 	 0.200789875626
486 	 0.072547045981
487 	 0.159615311368
488 	 0.086631815623
489 	 0.498698703053
490 	 0.42029947721
491 	 0.801685789792
492 	 0.099377557452
493 	 0.097692591578
494 	 0.713221944207
495 	 0.676988258095
496 	 0.831150450389
497 	 0.144539674382
498 	 0.023549246171
499 	 0.896404134809
500 	 0.024458741121
501 	 0.300297407692
502 	 0.279393424065
503 	 0.250939847844
504 	 0.691758351896
505 	 0.103194268691
506 	 0.539335776833
507 	 0.376600527241
508 	 0.713568334081
509 	 0.603582570731
510 	 0.270043658406
511 	 0.635849426881
512 	 0.306312022773
513 	 0.159887999694
514 	 0.93567540078
515 	 0.47767617016
516 	 0.424882921393
517 	 0.919030494013
518 	 0.806205670381
519 	 0.286916728597
520 	 0.492257457628
521 	 0.645862987533
522 	 0.529102073434
523 	 0.419565402721
524 	 0.989806384732
525 	 0.236900165961
526 	 0.715403275196
527 	 0.850953563344
528 	 0.431630844348
529 	 0.097178901423
530 	 0.995149000346
531 	 0.170530902612
532 	 0.88678830538
533 	 0.187034902777
534 	 0.283603944302
535 	 0.578404321223
536 	 0.997645716611
537 	 0.565889916482
538 	 0.901654554481
539 	 0.798586404064
540 	 0.275253654953
541 	 0.610043967643
542 	 0.844217070422
543 	 0.818821754873
544 	 0.429483301403
545 	 0.989103405501
546 	 0.130988833669
547 	 0.01757027102
548 	 0.423702974417
549 	 0.077595719208
550 	 0.017872832845
551 	 0.948929836795
552 	 0.457770105695
553 	 0.784989119934
554 	 0.173066251975
555 	 0.122473686583
556 	 0.134079063576
557 	 0.182206326267
558 	 0.911322418194
559 	 0.951185795815
560 	 0.132942168278
561 	 0.215213582154
562 	 0.804721391728
563 	 0.786990479047
564 	 0.752317531558
565 	 0.197570421184
566 	 0.895293956175
567 	 0.245533927113
568 	 0.200134490506
569 	 0.964967500258
570 	 0.679338194349
571 	 0.253894917031
572 	 0.917842349808
573 	 0.485859983631
574 	 0.501291538708
575 	 0.169683102524
576 	 0.299778394661
577 	 0.632872526696
578 	 0.198825806844
579 	 0.103573342069
580 	 0.732461637951
581 	 0.806184382367
582 	 0.656167111391
583 	 0.521332028789
584 	 0.521027148464
585 	 0.546093982081
586 	 0.505363142189
587 	 0.86140976701
588 	 0.779775702242
589 	 0.844950428677
590 	 0.956401437838
591 	 0.106174175406
592 	 0.3155732546
593 	 0.547419702586
594 	 0.552907916964
595 	 0.547144853293
596 	 0.444378697962
597 	 0.071360175613
598 	 0.588020661007
599 	 0.922121675324
600 	 0.130895859761
601 	 0.887286493743
602 	 0.877886187113
603 	 0.05348898715
604 	 0.258797355184
605 	 0.916851847319
606 	 0.505199332643
607 	 0.270050497222
608 	 0.440131375798
609 	 0.684373909608
610 	 0.939099290705
611 	 0.899153102686
612 	 0.938011060267
613 	 0.913204021037
614 	 0.301518047781
615 	 0.967716968694
616 	 0.481904905834
617 	 0.325664564583
618 	 0.932777859932
619 	 0.627626473807
620 	 0.526285412308
621 	 0.267043700436
622 	 0.877428858108
623 	 0.301507413391
624 	 0.871284755886
625 	 0.253733472956
626 	 0.773785438669
627 	 0.68668169704
628 	 0.443871753315
629 	 0.916248821951
630 	 0.60023046642
631 	 0.548682661471
632 	 0.398288910865
633 	 0.087465711037
634 	 0.320284490144
635 	 0.723539016358
636 	 0.108509264459
637 	 0.90790746793
638 	 0.857682168788
639 	 0.074863222459
640 	 0.002144299294
641 	 0.728093110977
642 	 0.592330449968
643 	 0.645571787232
644 	 0.076057560302
645 	 0.904050919574
646 	 0.312597653632
647 	 0.045002689365
648 	 0.457950056131
649 	 0.939553172561
650 	 0.166161403831
651 	 0.699114019764
652 	 0.441143248872
653 	 0.279155519762
654 	 0.648169257103
655 	 0.078806146432
656 	 0.813028165698
657 	 0.637371822743
658 	 0.858707911571
659 	 0.523322217129
660 	 0.260096035429
661 	 0.051768616052
662 	 0.528153600682
663 	 0.521628229408
664 	 0.102520866269
665 	 0.473440298492
666 	 0.334977794253
667 	 0.941679378749
668 	 0.926171148841
669 	 0.237889421865
670 	 0.237992027438
671 	 0.073570395233
672 	 0.019662614607
673 	 0.666268084477
674 	 0.290776631933
675 	 0.173047341602
676 	 0.178367439676
677 	 0.049193556753
678 	 0.54853355495
679 	 0.201089990376
680 	 0.748138784693
681 	 0.808896569859
682 	 0.497641590915
683 	 0.694268905256
684 	 0.095053854417
685 	 0.519767324597
686 	 0.169898268963
687 	 0.858318683718
688 	 0.061720840296
689 	 0.847382187436
690 	 0.840359437898
691 	 0.022036488756
692 	 0.1195588018
693 	 0.173356653954
694 	 0.30421861401
695 	 0.048621981653
696 	 0.044044514039
697 	 0.601652871026
698 	 0.359130972846
699 	 0.625454713382
700 	 0.859062741252
701 	 0.384833821795
702 	 0.499866240376
703 	 0.539863502993
704 	 0.609531922251
705 	 0.721802337267
706 	 0.221967763791
707 	 0.923751760045
708 	 0.627412552249
709 	 0.37681886553
710 	 0.377089776927
711 	 0.200411816732
712 	 0.076804000385
713 	 0.460908319294
714 	 0.476644939132
715 	 0.792042073544
716 	 0.729710408072
717 	 0.502187224172
718 	 0.87909285336
719 	 0.143481843955
720 	 0.842889759232
721 	 0.297698753598
722 	 0.816328154615
723 	 0.429829683328
724 	 0.693026678881
725 	 0.406311754006
726 	 0.411376058396
727 	 0.920329536983
728 	 0.981942143693
729 	 0.783144337341
730 	 0.812653220943
731 	 0.071114987087
732 	 0.765608781308
733 	 0.455224248303
734 	 0.279803332742
735 	 0.700918818657
736 	 0.4844117718
737 	 0.370534960103
738 	 0.511386514716
739 	 0.990360293573
740 	 0.635768371664
741 	 0.928022804781
742 	 0.976456750329
743 	 0.281460852103
744 	 0.296434943483
745 	 0.182914440738
746 	 0.430127209541
747 	 0.303099242184
748 	 0.514682056654
749 	 0.058502463826
750 	 0.275571890639
751 	 0.128305324718
752 	 0.738681156856
753 	 0.312710385864
754 	 0.978441720564
755 	 0.594280726111
756 	 0.412657587898
757 	 0.851515996338
758 	 0.269122519086
759 	 0.016658598855
760 	 0.785929832948
761 	 0.043461265291
762 	 0.775134723885
763 	 0.13410574663
764 	 0.254561658804
765 	 0.39986689817
766 	 0.820131655161
767 	 0.892604066148
768 	 0.688353864467
769 	 0.161425121273
770 	 0.663970510734
771 	 0.533544488732
772 	 0.773998638784
773 	 0.556125360625
774 	 0.718087443766
775 	 0.42112744772
776 	 0.887523847743
777 	 0.32186557521
778 	 0.945867462017
779 	 0.226064250706
780 	 0.951741661996
781 	 0.393801544831
782 	 0.031936902901
783 	 0.505537340362
784 	 0.600373196756
785 	 0.706804196148
786 	 0.617297621436
787 	 0.336015449885
788 	 0.004243804485
789 	 0.350908266453
790 	 0.441571261597
791 	 0.320864436768
792 	 0.249298338208
793 	 0.056009160557
794 	 0.801802124813
795 	 0.664431449551
796 	 0.071187546699
797 	 0.115046866238
798 	 0.445306687704
799 	 0.472845434258
800 	 0.874418571845
801 	 0.285881901252
802 	 0.337703002374
803 	 0.123601270351
804 	 0.172516267546
805 	 0.880873813449
806 	 0.856872870237
807 	 0.985389330782
808 	 0.233737511548
809 	 0.758092624927
810 	 0.888296340974
811 	 0.531718416062
812 	 0.07398962015
813 	 0.831658574017
814 	 0.436799248886
815 	 0.361776506859
816 	 0.714332731701
817 	 0.691346279508
818 	 0.129417814498
819 	 0.397683619172
820 	 0.347281714898
821 	 0.893778045165
822 	 0.092102723791
823 	 0.309735116854
824 	 0.824859731226
825 	 0.913279268994
826 	 0.921920357
827 	 0.298627428259
828 	 0.04597139882
829 	 0.280552193453
830 	 0.174152536479
831 	 0.49135698652
832 	 0.242833776608
833 	 0.757149416771
834 	 0.4744080892
835 	 0.470221188798
836 	 0.183629610835
837 	 0.290103050254
838 	 0.099059715711
839 	 0.050408383966
840 	 0.585300972542
841 	 0.606374603915
842 	 0.224855174878
843 	 0.002017608976
844 	 0.123740194281
845 	 0.598257582752
846 	 0.824481227736
847 	 0.578190146288
848 	 0.994929584516
849 	 0.844154474188
850 	 0.372194066852
851 	 0.078785760134
852 	 0.420360123297
853 	 0.974394061315
854 	 0.526758733443
855 	 0.681931964645
856 	 0.834550261555
857 	 0.233507220691
858 	 0.455555599565
859 	 0.023704105915
860 	 0.49238665991
861 	 0.176594835221
862 	 0.581462676865
863 	 0.28158202806
864 	 0.581088033392
865 	 0.815293517644
866 	 0.21931989891
867 	 0.182650860381
868 	 0.097783830889
869 	 0.814010363501
870 	 0.614463387674
871 	 0.30442642068
872 	 0.483489493371
873 	 0.776675374239
874 	 0.254140539052
875 	 0.642521455686
876 	 0.045578954113
877 	 0.125045957958
878 	 0.21374733074
879 	 0.12839228675
880 	 0.494495299982
881 	 0.709588737786
882 	 0.767379445978
883 	 0.213955076486
884 	 0.669040571728
885 	 0.367254048188
886 	 0.182998429893
887 	 0.285422964423
888 	 0.031836529118
889 	 0.740118782861
890 	 0.560293663043
891 	 0.003891337224
892 	 0.047956727626
893 	 0.879214224075
894 	 0.86481588232
895 	 0.565267846578
896 	 0.112789339369
897 	 0.341129541702
898 	 0.729497248981
899 	 0.435486787761
900 	 0.678811309387
901 	 0.561917423449
902 	 0.589048558155
903 	 0.027775664882
904 	 0.63410280627
905 	 0.791858366875
906 	 0.720570845387
907 	 0.273550368385
908 	 0.527440820061
909 	 0.316364208531
910 	 0.615508844158
911 	 0.260734610537
912 	 0.411322412747
913 	 0.617296477994
914 	 0.770652176111
915 	 0.546188168474
916 	 0.746087895045
917 	 0.813014964057
918 	 0.422221575748
919 	 0.042581616296
920 	 0.019348776137
921 	 0.57166676958
922 	 0.010121834651
923 	 0.032412451762
924 	 0.125043365597
925 	 0.561298138388
926 	 0.826698506646
927 	 0.452857693291
928 	 0.515135664176
929 	 0.449187245279
930 	 0.619738834539
931 	 0.993190480716
932 	 0.802139902606
933 	 0.10644049502
934 	 0.774660630067
935 	 0.596319462158
936 	 0.853044617712
937 	 0.929584065898
938 	 0.35775018935
939 	 0.981920843835
940 	 0.647009075983
941 	 0.906943055814
942 	 0.625805093148
943 	 0.942555114113
944 	 0.036639408198
945 	 0.398233388402
946 	 0.335635299851
947 	 0.059277946513
948 	 0.130711348943
949 	 0.499886249154
950 	 0.310309170518
951 	 0.098374204206
952 	 0.956441195483
953 	 0.20356421591
954 	 0.424180564234
955 	 0.435529055373
956 	 0.750635856045
957 	 0.900590994146
958 	 0.964374012003
959 	 0.681261805345
960 	 0.208555578159
961 	 0.291135428513
962 	 0.199865819608
963 	 0.043362452272
964 	 0.87370444985
965 	 0.834667922434
966 	 0.061493193977
967 	 0.696916854241
968 	 0.841631588722
969 	 0.767262748008
970 	 0.790348166506
971 	 0.279385786734
972 	 0.222615974087
973 	 0.935535310963
974 	 0.581170569225
975 	 0.993130432416
976 	 0.836381867806
977 	 0.537898345409
978 	 0.449143751236
979 	 0.968116797958
980 	 0.743898220935
981 	 0.654808535097
982 	 0.859965152017
983 	 0.205991622579
984 	 0.022066178949
985 	 0.612353845859
986 	 0.830994788429
987 	 0.696640351014
988 	 0.510944081856
989 	 0.243730462388
990 	 0.713546540002
991 	 0.175810063447
992 	 0.127379063859
993 	 0.786409256566
994 	 0.604774910738
995 	 0.086115441908
996 	 0.220555967587
997 	 0.334080240144
998 	 0.303935132314
999 	 0.985208362872
# END OF FILE #