PROBLEM_NAME: RAP-NC-L_0007.txt
PROBLEM_TYPE: UB
NB_RESOURCES: 10
LINEAR_TERM: 2.35075
BOUNDS SECTION: INDEX 	 UB 	 LINEAR_TERM
0 	 0.61206582 	  0.34406826
1 	 1.1947087 	 -0.46025399
2 	 1.6877408 	 -0.22809226
3 	 2.4931694 	  0.93448348
4 	 2.8903312 	  0.96523098
5 	 3.6023448 	  0.46503063
6 	 4.3278891 	  0.85855526
7 	 4.659011 	 -0.58665242
8 	 5.2081763 	  0.52916782
9 	 5.1521426 	  0.099391187
FUNCTION PROFILE: 
0 	 0.364068250353
1 	 0.778676123086
2 	 0.98127905105
3 	 0.743227423465
4 	 0.369731903911
5 	 0.3658844142
6 	 0.957358524278
7 	 0.15718094993
8 	 0.414126813331
9 	 0.899219292499
# END OF FILE #