PROBLEM_NAME: RAP-NC-L_0305.txt
PROBLEM_TYPE: UB
NB_RESOURCES: 100
LINEAR_TERM: 37.8559
BOUNDS SECTION: INDEX 	 UB 	 LINEAR_TERM
0 	 0.85057778 	 -0.53133756
1 	 1.2829448 	  0.79042905
2 	 1.8334329 	 -0.81221191
3 	 2.4868501 	  0.62155959
4 	 2.9962962 	 -0.12340963
5 	 3.7295158 	 -0.50745022
6 	 4.1099283 	 -0.090971783
7 	 4.4072073 	  0.056919628
8 	 4.8005353 	  0.2484958
9 	 5.6180718 	  0.11023446
10 	 6.1354153 	  0.36267123
11 	 6.6744554 	  0.86905598
12 	 6.8894253 	  0.12255448
13 	 7.2550837 	 -0.52216834
14 	 7.7557129 	 -0.91275758
15 	 8.2930259 	  0.25900221
16 	 8.9374632 	 -0.43469871
17 	 9.2885655 	 -0.6757208
18 	 9.6984871 	 -0.68241683
19 	 10.285834 	  0.78694192
20 	 10.757023 	 -0.081749587
21 	 11.204654 	  0.89674981
22 	 11.761987 	  0.72785894
23 	 12.318409 	  0.71755508
24 	 12.577035 	 -0.68898211
25 	 13.238985 	  0.87430105
26 	 14.054685 	 -0.99119101
27 	 14.630225 	  0.662801
28 	 15.145308 	  0.84686887
29 	 15.580611 	  0.86962996
30 	 16.149488 	  0.74892686
31 	 16.672294 	 -0.15741521
32 	 17.306316 	  0.71183094
33 	 17.625841 	  0.54661095
34 	 18.169144 	 -0.76561561
35 	 18.583197 	  0.21110096
36 	 19.144552 	  0.13758417
37 	 19.729155 	 -0.34582805
38 	 20.140679 	 -0.99832509
39 	 20.687238 	 -0.68296958
40 	 21.045485 	  0.37089802
41 	 21.607704 	 -0.58309087
42 	 22.41685 	 -0.45961044
43 	 22.720275 	  0.041335556
44 	 23.212748 	 -0.23522408
45 	 23.717413 	 -0.68873186
46 	 24.204195 	 -0.90159861
47 	 24.455853 	  0.67404259
48 	 24.647092 	  0.13059442
49 	 25.354398 	 -0.46207377
50 	 25.863949 	  0.22438457
51 	 26.390062 	  0.58430116
52 	 26.733453 	 -0.81967416
53 	 27.410119 	 -0.90933612
54 	 28.208728 	 -0.95152609
55 	 28.712058 	 -0.44470979
56 	 29.094321 	 -0.6331603
57 	 29.764232 	 -0.68176694
58 	 30.274347 	  0.18439787
59 	 30.802389 	  0.24971345
60 	 31.233073 	  0.53586471
61 	 31.738884 	 -0.099128346
62 	 32.268432 	 -0.25719863
63 	 32.787605 	 -0.77710748
64 	 33.358165 	 -0.057661487
65 	 33.93128 	 -0.7305165
66 	 34.316407 	 -0.82673931
67 	 34.722429 	  0.50480797
68 	 35.248503 	 -0.83368852
69 	 35.660682 	  0.50087787
70 	 36.060548 	 -0.70247603
71 	 36.614197 	  0.014514151
72 	 37.101363 	  0.75908962
73 	 37.706069 	  0.63655309
74 	 38.301175 	 -0.44082672
75 	 38.769841 	 -0.99386126
76 	 39.488138 	 -0.7526954
77 	 39.950856 	  0.21378708
78 	 40.326413 	  0.52453527
79 	 41.142661 	 -0.74943777
80 	 41.777512 	 -0.13126016
81 	 42.144828 	 -0.90441592
82 	 42.605385 	 -0.74508152
83 	 43.169355 	 -0.41665967
84 	 43.678586 	  0.77184097
85 	 44.462034 	  0.026961914
86 	 44.870819 	  0.89090061
87 	 45.07766 	 -0.20500195
88 	 45.374017 	 -0.10978576
89 	 45.857103 	 -0.79098783
90 	 46.244611 	 -0.58820391
91 	 46.91685 	  0.74911347
92 	 47.624191 	 -0.82435003
93 	 48.361142 	  0.92069472
94 	 48.639558 	  0.63155827
95 	 49.046299 	  0.018441306
96 	 49.422396 	 -0.2725568
97 	 49.884397 	  0.12124556
98 	 50.426984 	  0.40503599
99 	 49.373242 	 -0.83183591
FUNCTION PROFILE: 
0 	 0.058911169342
1 	 0.229442389425
2 	 0.381322901543
3 	 0.742407134508
4 	 0.83322304155
5 	 0.72440931567
6 	 0.20288825272
7 	 0.717913031896
8 	 0.066613334951
9 	 0.287753339296
10 	 0.503533497013
11 	 0.078122694063
12 	 0.520531137836
13 	 0.1866177339
14 	 0.477336112636
15 	 0.285762670228
16 	 0.27758347999
17 	 0.968753117064
18 	 0.946992643127
19 	 0.273740860704
20 	 0.5396201236
21 	 0.430500118327
22 	 0.422750071602
23 	 0.185551517242
24 	 0.906402122561
25 	 0.767210536547
26 	 0.45634126833
27 	 0.514647311258
28 	 0.703687770435
29 	 0.641051016963
30 	 0.940780412045
31 	 0.129257507258
32 	 0.758057750201
33 	 0.200354228958
34 	 0.048164132499
35 	 0.03696849856
36 	 0.817061236328
37 	 0.520697697981
38 	 0.195665698252
39 	 0.571738342143
40 	 0.6007913473
41 	 0.540255620729
42 	 0.887182686274
43 	 0.448218481514
44 	 0.229501958515
45 	 0.954411519147
46 	 0.915906442647
47 	 0.864659068559
48 	 0.464773269357
49 	 0.862695627715
50 	 0.564673368175
51 	 0.758589454157
52 	 0.81461182636
53 	 0.723031591029
54 	 0.482173957066
55 	 0.964775665725
56 	 0.221287933498
57 	 0.075784195141
58 	 0.573632949784
59 	 0.985960935575
60 	 0.80287974806
61 	 0.052432839993
62 	 0.310038248246
63 	 0.635047718771
64 	 0.184463022605
65 	 0.991721394986
66 	 0.255155683405
67 	 0.650703854808
68 	 0.919605226586
69 	 0.665111060826
70 	 0.439257816103
71 	 0.694161189313
72 	 0.406222991995
73 	 0.50051505256
74 	 0.377468082468
75 	 0.065017535019
76 	 0.402471166654
77 	 0.764637266919
78 	 0.28259681935
79 	 0.047816608314
80 	 0.337868520869
81 	 0.133005206627
82 	 0.873272470314
83 	 0.852380656419
84 	 0.617878554927
85 	 0.502628702835
86 	 0.452768506063
87 	 0.956790221882
88 	 0.104234845205
89 	 0.313729884847
90 	 0.767988910158
91 	 0.250967690777
92 	 0.794985393364
93 	 0.465880603141
94 	 0.996092408934
95 	 0.684121166977
96 	 0.20345428553
97 	 0.460378310356
98 	 0.911186502138
99 	 0.372730160841
# END OF FILE #