PROBLEM_NAME: RAP-NC-L_0401.txt
PROBLEM_TYPE: UB
NB_RESOURCES: 200
LINEAR_TERM: 35.2215
BOUNDS SECTION: INDEX 	 UB 	 LINEAR_TERM
0 	 0.63332758 	  0.35661518
1 	 1.1835384 	 -0.30084577
2 	 1.7688584 	 -0.61792371
3 	 2.4744711 	 -0.56666357
4 	 3.0112903 	  0.52563076
5 	 3.4248668 	  0.46131456
6 	 4.20326 	  0.71964701
7 	 4.6321154 	  0.80815227
8 	 4.8720773 	 -0.19017838
9 	 5.4118129 	 -0.93787411
10 	 5.8296157 	 -0.10107549
11 	 6.2553358 	 -0.97469086
12 	 6.6850865 	  0.2888742
13 	 7.3396221 	  0.33458388
14 	 7.5858358 	  0.9311586
15 	 8.274121 	 -0.075747343
16 	 8.977251 	  0.74153249
17 	 9.5342553 	  0.21137217
18 	 10.19795 	 -0.093789008
19 	 10.877014 	  0.34634831
20 	 11.416975 	  0.079440847
21 	 11.991947 	 -0.21999095
22 	 12.431415 	  0.67213419
23 	 12.804003 	  0.46712219
24 	 13.486423 	 -0.77444902
25 	 14.241384 	 -0.44532849
26 	 14.767355 	  0.67399565
27 	 15.308016 	  0.68797586
28 	 15.607888 	 -0.91695049
29 	 16.108139 	 -0.197201
30 	 16.698785 	 -0.80353615
31 	 17.237998 	  0.47170493
32 	 17.374863 	  0.12181895
33 	 17.857328 	  0.37019201
34 	 18.498445 	  0.47291342
35 	 18.978883 	 -0.43772827
36 	 19.436272 	  0.74023218
37 	 19.989149 	 -0.0494543
38 	 20.518846 	  0.6246976
39 	 20.993215 	  0.053570249
40 	 21.493498 	  0.1168353
41 	 21.853149 	  0.87180071
42 	 22.592627 	  0.24280768
43 	 23.031207 	  0.031966487
44 	 23.316523 	 -0.071423169
45 	 23.798306 	 -0.16398978
46 	 24.363536 	  0.42788018
47 	 24.791828 	  0.42234354
48 	 25.34583 	  0.49329101
49 	 25.738246 	  0.07666776
50 	 25.976592 	  0.05005523
51 	 26.489853 	  0.66297204
52 	 27.121145 	  0.25032592
53 	 27.644865 	  0.90867998
54 	 28.324812 	  0.67515332
55 	 29.033848 	  0.87582226
56 	 29.51518 	 -0.72632993
57 	 29.992012 	  0.98687658
58 	 30.803931 	 -0.74890849
59 	 31.151515 	  0.81232067
60 	 31.832647 	 -0.090647812
61 	 32.404893 	  0.5063748
62 	 32.948902 	  0.32520372
63 	 33.553491 	 -0.99624149
64 	 33.988763 	 -0.58849309
65 	 34.603905 	  0.23359065
66 	 34.933187 	 -0.46224396
67 	 35.445094 	  0.11036349
68 	 35.859462 	 -0.94488972
69 	 36.099602 	 -0.078923773
70 	 36.718498 	 -0.4690086
71 	 37.043572 	 -0.47422814
72 	 37.52638 	 -0.78701391
73 	 37.73403 	  0.035665227
74 	 38.161953 	  0.78568059
75 	 38.682359 	  0.35775064
76 	 38.875813 	  0.13899976
77 	 39.109722 	  0.0052459213
78 	 39.639607 	  0.61119975
79 	 40.303851 	  0.12961852
80 	 40.861383 	 -0.7995679
81 	 41.693637 	 -0.49334869
82 	 42.115566 	  0.61829409
83 	 42.577063 	 -0.098546226
84 	 43.019198 	 -0.94921906
85 	 43.487966 	  0.29438273
86 	 43.965149 	 -0.67557837
87 	 44.69085 	 -0.19835137
88 	 44.935095 	 -0.96104408
89 	 45.425176 	 -0.19662685
90 	 45.970316 	  0.9952745
91 	 46.460892 	 -0.19971804
92 	 46.923193 	  0.47897613
93 	 47.348482 	  0.23418353
94 	 47.844819 	 -0.46559006
95 	 48.396764 	  0.22390618
96 	 49.048739 	 -0.79032058
97 	 49.657362 	 -0.6607365
98 	 50.101929 	 -0.12867391
99 	 50.664716 	 -0.3379318
100 	 51.254933 	  0.38029751
101 	 51.658764 	 -0.75047417
102 	 52.030649 	  0.9033669
103 	 52.747759 	 -0.47057187
104 	 53.268444 	 -0.47298663
105 	 53.798042 	  0.81101522
106 	 54.422997 	  0.99704337
107 	 55.000836 	  0.93281646
108 	 55.481381 	  0.97864376
109 	 56.001261 	  0.63618414
110 	 56.311075 	  0.88076434
111 	 57.152608 	 -0.29121155
112 	 57.643194 	 -0.9375541
113 	 58.052256 	  0.5706614
114 	 58.503965 	 -0.85285375
115 	 58.726855 	  0.21155737
116 	 59.277429 	 -0.67208322
117 	 59.729055 	  0.7315412
118 	 60.056459 	 -0.41391727
119 	 60.392542 	  0.31666897
120 	 60.857038 	 -0.39768448
121 	 61.313094 	  0.50621631
122 	 61.866418 	 -0.65386686
123 	 62.62229 	  0.53687645
124 	 63.097705 	  0.78838294
125 	 63.337647 	  0.84697058
126 	 64.078226 	  0.30776631
127 	 64.272573 	  0.20614705
128 	 64.962899 	  0.42709172
129 	 65.247986 	 -0.030910079
130 	 65.988049 	 -0.33715525
131 	 66.372092 	 -0.26311726
132 	 67.170223 	 -0.35341709
133 	 67.772328 	  0.050817343
134 	 68.296459 	  0.65150315
135 	 68.768195 	 -0.067277035
136 	 69.365536 	 -0.25333912
137 	 69.594377 	 -0.70207112
138 	 70.233869 	 -0.6443959
139 	 70.886151 	 -0.76678085
140 	 71.636235 	 -0.082773888
141 	 72.207892 	 -0.36552126
142 	 72.728989 	 -0.91405661
143 	 73.463085 	  0.27860067
144 	 74.172153 	 -0.93330363
145 	 74.67046 	  0.7571455
146 	 75.075753 	  0.71327696
147 	 75.878638 	 -0.047422155
148 	 76.32432 	 -0.015498625
149 	 76.852767 	  0.15564466
150 	 77.269234 	 -0.63735402
151 	 77.753109 	 -0.23733605
152 	 78.214246 	 -0.19783395
153 	 78.601518 	  0.87363721
154 	 79.114507 	  0.46861049
155 	 79.784466 	 -0.52003207
156 	 80.318634 	 -0.32332223
157 	 80.771809 	  0.36631694
158 	 81.440445 	 -0.061921973
159 	 81.870253 	  0.3185119
160 	 82.339479 	  0.058529018
161 	 82.705879 	 -0.64141388
162 	 83.05954 	  0.84155032
163 	 83.57784 	  0.79040932
164 	 83.994493 	 -0.39968192
165 	 84.534899 	 -0.74551495
166 	 84.945494 	  0.15041391
167 	 85.348929 	 -0.43612023
168 	 85.583939 	  0.70685618
169 	 85.963932 	 -0.24561776
170 	 86.140879 	 -0.45345968
171 	 86.332721 	 -0.62237644
172 	 86.782877 	  0.15949658
173 	 87.353371 	  0.074834096
174 	 87.879066 	  0.65565315
175 	 88.434765 	  0.9963876
176 	 88.726922 	 -0.47736361
177 	 89.489641 	  0.89979836
178 	 90.140118 	  0.47887104
179 	 90.604098 	  0.62757789
180 	 91.151623 	 -0.12404011
181 	 91.93081 	 -0.38607371
182 	 92.462409 	 -0.19610648
183 	 93.077024 	 -0.76786454
184 	 93.409702 	 -0.57208032
185 	 94.27385 	  0.71774376
186 	 94.575301 	  0.70486648
187 	 94.984173 	 -0.81907252
188 	 95.416596 	 -0.023332066
189 	 95.975444 	  0.44796656
190 	 96.433551 	 -0.5753056
191 	 96.915463 	 -0.64159162
192 	 97.448409 	 -0.8528719
193 	 98.046578 	  0.58285819
194 	 98.224146 	 -0.45261994
195 	 99.023226 	  0.81293216
196 	 99.532891 	 -0.64570589
197 	 100.17107 	  0.78999829
198 	 100.97982 	  0.610663
199 	 98.987129 	  0.95771509
FUNCTION PROFILE: 
0 	 0.563998540784
1 	 0.460588497331
2 	 0.702098220535
3 	 0.782011466302
4 	 0.584114435249
5 	 0.949792756441
6 	 0.049320299029
7 	 0.562986479055
8 	 0.49394259767
9 	 0.905142184915
10 	 0.731877986584
11 	 0.767852742345
12 	 0.388115403837
13 	 0.73645820808
14 	 0.555313714355
15 	 0.256641589915
16 	 0.742870379174
17 	 0.285193077058
18 	 0.534590354284
19 	 0.637604492742
20 	 0.99903769086
21 	 0.135525075014
22 	 0.503353880199
23 	 0.657083117904
24 	 0.924156897466
25 	 0.531033242814
26 	 0.108148689766
27 	 0.188188043722
28 	 0.494844830347
29 	 0.708263242244
30 	 0.029098474928
31 	 0.293953058415
32 	 0.609541927587
33 	 0.605913787142
34 	 0.89488184048
35 	 0.471644166689
36 	 0.016168906625
37 	 0.00303752998
38 	 0.696079733174
39 	 0.51593078917
40 	 0.078240947827
41 	 0.32243658767
42 	 0.209659484828
43 	 0.301669454046
44 	 0.748542083743
45 	 0.50619270436
46 	 0.404969507496
47 	 0.159291252129
48 	 0.714108220693
49 	 0.136357258769
50 	 0.404449395382
51 	 0.850542852924
52 	 0.977469753889
53 	 0.892284730741
54 	 0.768963986658
55 	 0.228468864812
56 	 0.89073460422
57 	 0.224807986986
58 	 0.883859801217
59 	 0.723221430253
60 	 0.325281739427
61 	 0.509065151115
62 	 0.712421780139
63 	 0.767335027813
64 	 0.855246594906
65 	 0.919275093448
66 	 0.608901409123
67 	 0.386571969292
68 	 0.795903797959
69 	 0.662177495234
70 	 0.959369528605
71 	 0.144992764452
72 	 0.906328794088
73 	 0.291044315164
74 	 0.404572957791
75 	 0.904540784407
76 	 0.085337179448
77 	 0.449024995874
78 	 0.849757546017
79 	 0.785651502316
80 	 0.441563345203
81 	 0.374198297793
82 	 0.331536642796
83 	 0.932442662306
84 	 0.165521537857
85 	 0.873605046595
86 	 0.419466700283
87 	 0.441554545615
88 	 0.116276696786
89 	 0.857072912155
90 	 0.654038219968
91 	 0.006054244541
92 	 0.427779162032
93 	 0.3350223243
94 	 0.51691562687
95 	 0.128284481437
96 	 0.097542403328
97 	 0.404604656969
98 	 0.293645157489
99 	 0.592838845756
100 	 0.755758954877
101 	 0.633246328713
102 	 0.700083782076
103 	 0.036152574418
104 	 0.431039489495
105 	 0.585043759217
106 	 0.574854112412
107 	 0.539209421535
108 	 0.309718595864
109 	 0.076293719559
110 	 0.944326727305
111 	 0.544159562256
112 	 0.931518293126
113 	 0.355341614935
114 	 0.752731717617
115 	 0.540101671821
116 	 0.352691296333
117 	 0.252543272639
118 	 0.604417867257
119 	 0.07757096427
120 	 0.021311563387
121 	 0.316449049947
122 	 0.271778210073
123 	 0.64868719669
124 	 0.750178893293
125 	 0.186229203922
126 	 0.512043768938
127 	 0.692921749792
128 	 0.069968000112
129 	 0.681024056277
130 	 0.801510881719
131 	 0.063349009383
132 	 0.785105210109
133 	 0.655484835307
134 	 0.829636335959
135 	 0.243425759495
136 	 0.115290555821
137 	 0.593034985809
138 	 0.408056769482
139 	 0.312358779973
140 	 0.540801074296
141 	 0.84758106716
142 	 0.417550518864
143 	 0.717605754292
144 	 0.75319518889
145 	 0.475800631351
146 	 0.21542352312
147 	 0.378474417732
148 	 0.718294155465
149 	 0.372724603559
150 	 0.984481599445
151 	 0.822390558747
152 	 0.202873666373
153 	 0.10607825471
154 	 0.178749159986
155 	 0.776022734764
156 	 0.845185385215
157 	 0.520974306177
158 	 0.768684745677
159 	 0.893545707044
160 	 0.815935448471
161 	 0.594360682686
162 	 0.392422518648
163 	 0.662957168876
164 	 0.885001515053
165 	 0.760872426205
166 	 0.382889195237
167 	 0.439613891554
168 	 0.729295102915
169 	 0.62790899888
170 	 0.371435790188
171 	 0.168186919382
172 	 0.778964350927
173 	 0.677099171978
174 	 0.094927849178
175 	 0.492749178535
176 	 0.605827253172
177 	 0.77293979238
178 	 0.384309961468
179 	 0.847513129912
180 	 0.475340480722
181 	 0.98963800917
182 	 0.037116074529
183 	 0.260413899246
184 	 0.50620844466
185 	 0.718374289117
186 	 0.770511344277
187 	 0.166014282353
188 	 0.158835245216
189 	 0.889630118021
190 	 0.912787327625
191 	 0.552842164126
192 	 0.806594514113
193 	 0.324166602646
194 	 0.089560714537
195 	 0.996753658254
196 	 0.240774683968
197 	 0.817244233006
198 	 0.238500742371
199 	 0.371334937979
# END OF FILE #