PROBLEM_NAME: RAP-NC-L_0600.txt
PROBLEM_TYPE: UB
NB_RESOURCES: 1000
LINEAR_TERM: 376.07
BOUNDS SECTION: INDEX 	 UB 	 LINEAR_TERM
0 	 0.5279171 	  0.7519223
1 	 0.74121402 	  0.07547822
2 	 1.4642029 	  0.37280228
3 	 2.1447544 	 -0.46533377
4 	 2.7092975 	  0.47063976
5 	 3.3269894 	 -0.015997132
6 	 3.9588056 	  0.49823006
7 	 4.5450361 	  0.1548457
8 	 5.1238557 	 -0.18284371
9 	 5.9474604 	 -0.59396263
10 	 6.5374908 	  0.87864324
11 	 7.1067003 	  0.47808769
12 	 7.5369052 	  0.85627527
13 	 7.9941919 	 -0.55421046
14 	 8.5019634 	  0.35530547
15 	 8.9831458 	 -0.47156631
16 	 9.5543638 	  0.084197641
17 	 9.9450069 	  0.66482644
18 	 10.425384 	 -0.44671524
19 	 10.945442 	  0.78727583
20 	 11.604545 	 -0.18614905
21 	 12.079226 	 -0.59873882
22 	 12.646284 	  0.13824615
23 	 13.031093 	 -0.43533067
24 	 13.510633 	 -0.2272868
25 	 14.029243 	 -0.73284167
26 	 14.781156 	  0.26075115
27 	 15.37272 	  0.69675968
28 	 15.874388 	 -0.52549935
29 	 16.290302 	  0.38154412
30 	 16.709495 	 -0.68995682
31 	 17.204451 	 -0.17862717
32 	 17.798486 	 -0.16584912
33 	 18.371453 	  0.2377664
34 	 18.581653 	 -0.32975066
35 	 19.155165 	  0.80748996
36 	 19.818842 	 -0.54513109
37 	 20.335462 	 -0.80109405
38 	 20.88635 	 -0.19641521
39 	 21.356685 	  0.23473807
40 	 21.670046 	 -0.15484387
41 	 22.246755 	  0.27854216
42 	 22.576633 	 -0.053374892
43 	 22.97254 	  0.2404682
44 	 23.4669 	 -0.00090177979
45 	 24.094991 	 -0.5556594
46 	 24.381419 	 -0.52462509
47 	 24.896618 	 -0.73153811
48 	 25.6768 	 -0.57090888
49 	 26.071296 	 -0.42916005
50 	 26.784788 	  0.85173645
51 	 27.497252 	 -0.29756137
52 	 27.953952 	  0.96185268
53 	 28.360267 	  0.66509076
54 	 28.846001 	  0.14642235
55 	 29.171052 	 -0.76553069
56 	 29.697847 	  0.18592489
57 	 30.314585 	  0.91315249
58 	 30.681248 	  0.3404214
59 	 30.854419 	 -0.31906137
60 	 31.172999 	  0.39356345
61 	 31.685614 	  0.58440448
62 	 32.181593 	  0.39372729
63 	 32.679546 	 -0.021064511
64 	 33.233031 	  0.22937819
65 	 33.52402 	  0.75408288
66 	 34.133127 	  0.281709
67 	 34.775113 	  0.80300243
68 	 35.274052 	  0.7054682
69 	 35.759254 	 -0.087531784
70 	 36.26428 	 -0.21496269
71 	 36.736699 	 -0.024030129
72 	 37.320409 	 -0.36128206
73 	 37.989238 	 -0.90330624
74 	 38.598399 	  0.0085920229
75 	 39.089212 	  0.13093958
76 	 39.772063 	 -0.10697958
77 	 39.903056 	 -0.92587898
78 	 40.620332 	 -0.92632271
79 	 41.021632 	 -0.71057418
80 	 41.628257 	 -0.10491814
81 	 42.121077 	 -0.93833231
82 	 42.616565 	  0.19240805
83 	 43.272362 	  0.32883217
84 	 43.892808 	 -0.84733026
85 	 44.433003 	 -0.20857316
86 	 44.896378 	 -0.90759526
87 	 45.153014 	 -0.41033629
88 	 45.676149 	 -0.68900757
89 	 46.17848 	  0.56765503
90 	 46.887988 	  0.01651212
91 	 47.515131 	 -0.91750966
92 	 47.903996 	  0.44930939
93 	 48.105376 	 -0.32813336
94 	 48.537678 	 -0.29088412
95 	 49.18551 	 -0.68577963
96 	 49.448637 	 -0.71497209
97 	 49.939054 	  0.021906614
98 	 50.398248 	  0.10145419
99 	 50.820667 	  0.69016078
100 	 51.560209 	  0.17615066
101 	 52.036869 	 -0.82798427
102 	 52.489966 	  0.10590188
103 	 52.863592 	 -0.54962795
104 	 52.997286 	  0.44398194
105 	 53.803678 	  0.91397189
106 	 54.390133 	 -0.7931897
107 	 54.87077 	 -0.88225391
108 	 55.275864 	 -0.55516699
109 	 55.804618 	 -0.065697456
110 	 56.496384 	 -0.17915084
111 	 57.069543 	  0.60659519
112 	 57.63491 	  0.1469481
113 	 58.114435 	  0.3688677
114 	 58.580549 	 -0.74406304
115 	 59.153332 	 -0.87468313
116 	 59.650145 	  0.31017843
117 	 60.125084 	  0.83447319
118 	 60.38679 	 -0.2808225
119 	 60.755932 	 -0.28386677
120 	 61.381753 	  0.40711711
121 	 62.215478 	 -0.81472275
122 	 62.693005 	 -0.34599832
123 	 63.135298 	  0.23638044
124 	 63.761592 	  0.36798803
125 	 64.263516 	 -0.70408103
126 	 64.571352 	  0.37247449
127 	 64.886466 	  0.87680301
128 	 65.281085 	  0.91125742
129 	 65.455498 	 -0.37515119
130 	 65.809386 	 -0.39285167
131 	 66.259537 	  0.41284174
132 	 66.780573 	  0.22685858
133 	 67.385131 	  0.62244879
134 	 67.853343 	  0.45078971
135 	 68.369395 	 -0.34027714
136 	 68.73465 	 -0.19858779
137 	 69.548533 	 -0.24986022
138 	 69.951578 	  0.54908995
139 	 70.717867 	 -0.16869062
140 	 70.935805 	  0.40320209
141 	 71.328254 	 -0.30081915
142 	 71.89298 	  0.14701596
143 	 72.35612 	  0.17339962
144 	 72.796344 	 -0.69809944
145 	 73.093851 	  0.48986168
146 	 73.860335 	 -0.62170148
147 	 74.587586 	  0.141048
148 	 75.005411 	  0.98217425
149 	 75.55636 	  0.44904211
150 	 76.148143 	  0.39629951
151 	 76.859123 	 -0.59855723
152 	 77.569428 	 -0.2509644
153 	 78.238834 	  0.29706905
154 	 78.631136 	  0.7991989
155 	 79.053742 	 -0.29462576
156 	 79.254929 	 -0.0091557216
157 	 79.85513 	  0.072583406
158 	 80.548436 	  0.074595249
159 	 80.972309 	  0.7995448
160 	 81.457533 	 -0.25129104
161 	 82.045389 	 -0.56262366
162 	 82.249417 	  0.44347868
163 	 82.697152 	 -0.8887875
164 	 83.096956 	 -0.36258417
165 	 83.912032 	  0.29955744
166 	 84.344095 	 -0.083102498
167 	 84.829174 	  0.71023627
168 	 85.329142 	 -0.55008722
169 	 85.772459 	 -0.88972522
170 	 86.255503 	  0.46350365
171 	 86.825282 	 -0.99624923
172 	 87.298395 	  0.86590026
173 	 87.856502 	  0.55661426
174 	 88.384986 	 -0.27037592
175 	 88.944366 	  0.7020637
176 	 89.337354 	  0.763384
177 	 89.955843 	  0.89507159
178 	 90.522378 	 -0.46994215
179 	 90.898737 	 -0.56419712
180 	 91.269292 	  0.97265289
181 	 92.074952 	 -0.25523256
182 	 92.822009 	 -0.41264722
183 	 93.135301 	  0.34584598
184 	 93.652326 	  0.31221392
185 	 94.176504 	 -0.84624756
186 	 94.843487 	 -0.67382049
187 	 95.417501 	 -0.49352973
188 	 95.891928 	 -0.7219571
189 	 96.349001 	 -0.37095199
190 	 96.69291 	 -0.88876318
191 	 97.436682 	 -0.86999241
192 	 97.92671 	 -0.36544628
193 	 98.529384 	 -0.83174258
194 	 99.316912 	  0.77481911
195 	 99.889259 	  0.78088215
196 	 100.66384 	  0.44239839
197 	 101.22916 	  0.21306887
198 	 101.61274 	  0.36282115
199 	 102.06512 	 -0.54579173
200 	 102.70571 	  0.83160099
201 	 102.85758 	 -0.012129368
202 	 103.34133 	  0.17222108
203 	 103.90879 	  0.57406295
204 	 104.54928 	  0.19024103
205 	 105.30127 	  0.31429277
206 	 105.66991 	 -0.81576185
207 	 106.20367 	 -0.93566698
208 	 106.60518 	 -0.91936602
209 	 107.08038 	 -0.68225666
210 	 107.60513 	  0.31538553
211 	 108.28021 	 -0.39480552
212 	 108.76921 	 -0.40210648
213 	 109.28844 	  0.39812099
214 	 109.79362 	  0.5417095
215 	 110.28519 	 -0.0030249595
216 	 110.47306 	 -0.49553302
217 	 110.871 	  0.7559094
218 	 111.32679 	  0.40554465
219 	 111.78997 	  0.21647159
220 	 112.36629 	 -0.2416351
221 	 112.55469 	  0.099549009
222 	 113.33838 	  0.32699869
223 	 114.00128 	 -0.74170263
224 	 114.46255 	  0.44837053
225 	 115.09534 	 -0.28745487
226 	 115.59202 	 -0.35572127
227 	 116.18845 	 -0.29528514
228 	 116.43599 	  0.87439072
229 	 116.92451 	  0.20244568
230 	 117.44625 	 -0.51702535
231 	 117.78799 	 -0.27946822
232 	 117.91501 	 -0.24297865
233 	 118.45773 	 -0.5047724
234 	 118.94044 	 -0.53807849
235 	 119.317 	  0.37726721
236 	 119.84789 	 -0.80621894
237 	 120.38397 	  0.35238169
238 	 121.04502 	 -0.079127687
239 	 121.5673 	 -0.019267322
240 	 122.08923 	 -0.27033958
241 	 122.3862 	  0.95087286
242 	 122.7755 	  0.79843268
243 	 123.24324 	  0.68994369
244 	 123.65206 	 -0.83891609
245 	 124.03136 	  0.37410753
246 	 124.45338 	 -0.15016379
247 	 125.04845 	  0.015391921
248 	 125.50772 	  0.92772829
249 	 126.02155 	 -0.86435687
250 	 126.4296 	 -0.5533708
251 	 127.02297 	 -0.99433933
252 	 127.45695 	 -0.55738414
253 	 127.96798 	  0.60665371
254 	 128.39969 	  0.29073516
255 	 128.98205 	 -0.47702638
256 	 129.47067 	 -0.89305361
257 	 130.23531 	  0.026742721
258 	 130.76725 	  0.66901566
259 	 131.3404 	 -0.54476008
260 	 131.81404 	 -0.50738888
261 	 132.53419 	 -0.060746415
262 	 133.15093 	 -0.89990089
263 	 133.59565 	 -0.25545724
264 	 134.11756 	  0.32832211
265 	 134.60973 	 -0.31046788
266 	 135.29803 	 -0.19491151
267 	 135.83682 	 -0.55843523
268 	 136.14543 	 -0.43870821
269 	 136.34849 	 -0.82254701
270 	 136.7473 	 -0.031843101
271 	 137.16764 	  0.82240525
272 	 137.87984 	 -0.75098832
273 	 138.35599 	 -0.1828575
274 	 138.8273 	  0.18548656
275 	 139.29511 	 -0.38927085
276 	 139.9939 	  0.3433012
277 	 140.60703 	 -0.054241414
278 	 140.79358 	 -0.49143588
279 	 141.26524 	 -0.96148269
280 	 141.80777 	  0.0033936436
281 	 142.55106 	 -0.5249396
282 	 143.02221 	 -0.72002649
283 	 143.6321 	 -0.048133191
284 	 144.1102 	  0.33014549
285 	 144.60899 	  0.45272269
286 	 144.88693 	 -0.90460815
287 	 145.37561 	 -0.5319136
288 	 145.79498 	  0.85991465
289 	 146.39932 	  0.33535351
290 	 146.72476 	  0.65965872
291 	 147.25914 	  0.94816265
292 	 148.01185 	 -0.025138138
293 	 148.60988 	 -0.0086870252
294 	 149.34214 	  0.4644616
295 	 149.7616 	  0.27465321
296 	 150.26699 	  0.44822893
297 	 150.83996 	 -0.97921003
298 	 151.42141 	  0.15495488
299 	 152.04898 	  0.48613993
300 	 152.8404 	 -0.21543349
301 	 153.51454 	  0.56618044
302 	 154.11029 	  0.19696951
303 	 154.69302 	  0.76962843
304 	 155.08253 	 -0.63557942
305 	 155.50478 	  0.53013687
306 	 155.91595 	 -0.03375378
307 	 156.59738 	  0.42696921
308 	 157.074 	  0.59313584
309 	 157.5652 	 -0.0034079382
310 	 157.92908 	 -0.091940537
311 	 158.29932 	 -0.72352071
312 	 158.5854 	 -0.99749365
313 	 159.12 	  0.61603356
314 	 159.39097 	 -0.59527272
315 	 159.87894 	  0.5143072
316 	 160.24897 	 -0.095010471
317 	 160.72978 	  0.57865368
318 	 161.13771 	  0.4747611
319 	 161.44727 	 -0.49812916
320 	 161.75308 	 -0.46917223
321 	 162.28431 	 -0.43800047
322 	 162.72816 	 -0.72209985
323 	 163.37127 	  0.12362494
324 	 163.9042 	  0.96958988
325 	 164.46737 	 -0.96518921
326 	 164.83585 	  0.6370251
327 	 165.30144 	 -0.77862776
328 	 165.60486 	  0.26847066
329 	 166.11849 	  0.12725476
330 	 166.60723 	 -0.22486918
331 	 167.07751 	  0.31896702
332 	 167.5875 	 -0.63296287
333 	 168.25921 	  0.037028006
334 	 168.799 	 -0.42982182
335 	 169.38251 	  0.47194238
336 	 169.64895 	 -0.60342086
337 	 170.47624 	 -0.43167013
338 	 170.76692 	 -0.82769809
339 	 171.2171 	 -0.14602918
340 	 171.84066 	 -0.56243593
341 	 172.52026 	 -0.32678303
342 	 173.21353 	  0.52878248
343 	 173.68876 	 -0.57147131
344 	 174.30904 	  0.53433444
345 	 174.98913 	  0.82754447
346 	 175.49776 	  0.42162466
347 	 176.13913 	  0.97492645
348 	 176.58586 	  0.98354417
349 	 177.24841 	 -0.27207235
350 	 177.53684 	 -0.91233233
351 	 178.04758 	 -0.29157001
352 	 178.64082 	  0.93858938
353 	 178.82757 	 -0.53863038
354 	 179.30082 	 -0.60312892
355 	 179.69514 	  0.81251168
356 	 180.1044 	  0.32088871
357 	 180.67303 	 -0.5431784
358 	 181.0706 	 -0.53485451
359 	 181.63308 	  0.60447687
360 	 182.34198 	 -0.61388645
361 	 182.80167 	  0.9675472
362 	 183.25948 	  0.96851179
363 	 183.6869 	  0.070426339
364 	 183.93462 	  0.73472917
365 	 184.71026 	 -0.66144384
366 	 185.15049 	  0.017446706
367 	 185.70785 	  0.8181444
368 	 186.53363 	 -0.12713276
369 	 186.84857 	 -0.38298227
370 	 187.30991 	 -0.74709888
371 	 187.81869 	 -0.66667114
372 	 188.27162 	  0.18061652
373 	 188.96135 	  0.9637395
374 	 189.30561 	  0.58925887
375 	 189.79216 	 -0.68923884
376 	 190.46144 	  0.017837233
377 	 190.7663 	 -0.80222497
378 	 191.10912 	 -0.89316113
379 	 191.48214 	 -0.92866968
380 	 192.1626 	 -0.12622364
381 	 192.75709 	  0.24278417
382 	 192.90669 	  0.97069934
383 	 193.50415 	  0.017139375
384 	 193.83476 	 -0.37825407
385 	 194.64414 	  0.52573672
386 	 195.13089 	  0.82171899
387 	 195.5493 	 -0.33738004
388 	 196.04897 	  0.4503581
389 	 196.75365 	 -0.52890433
390 	 197.36806 	  0.48269091
391 	 197.91744 	  0.81855682
392 	 198.4976 	  0.93013498
393 	 198.98315 	  0.35491694
394 	 199.49933 	 -0.29791789
395 	 199.81869 	 -0.7730387
396 	 200.25065 	 -0.054541392
397 	 200.85697 	 -0.42017068
398 	 201.47885 	  0.8341439
399 	 201.90553 	 -0.29182907
400 	 202.33886 	 -0.031202866
401 	 202.58919 	  0.16269634
402 	 203.06577 	  0.24900012
403 	 203.51665 	  0.86990219
404 	 204.13093 	 -0.44161677
405 	 204.74454 	 -0.53157133
406 	 205.02843 	 -0.36514758
407 	 205.75457 	 -0.12779683
408 	 206.3236 	 -0.5041496
409 	 206.92079 	 -0.89039091
410 	 207.34523 	 -0.79979682
411 	 207.52853 	 -0.95798456
412 	 208.05477 	  0.74581523
413 	 208.61889 	 -0.59464814
414 	 209.08442 	  0.74919644
415 	 209.63463 	 -0.064090966
416 	 210.01636 	 -0.22412802
417 	 210.52959 	  0.70620157
418 	 210.77564 	  0.18721048
419 	 211.38151 	  0.33819801
420 	 211.7897 	 -0.96931759
421 	 212.4415 	 -0.30620124
422 	 213.11067 	  0.79465662
423 	 213.7187 	  0.91845229
424 	 214.28468 	 -0.69005886
425 	 214.62122 	  0.83163063
426 	 215.00271 	  0.80594851
427 	 215.36161 	  0.77810527
428 	 215.91199 	 -0.55198816
429 	 216.18121 	 -0.68091771
430 	 216.83951 	  0.40294456
431 	 217.16249 	  0.48646041
432 	 218.03288 	  0.99724556
433 	 218.45121 	 -0.36766344
434 	 218.75741 	 -0.2102526
435 	 218.99244 	  0.94066086
436 	 219.2648 	 -0.57347047
437 	 219.64208 	 -0.24074149
438 	 220.16485 	 -0.8301363
439 	 220.98495 	  0.39035701
440 	 221.63018 	 -0.50990772
441 	 222.00752 	 -0.56968723
442 	 222.85965 	  0.93927338
443 	 223.56606 	  0.97557484
444 	 224.16672 	  0.57751128
445 	 224.67628 	 -0.05616611
446 	 225.14374 	  0.017856155
447 	 225.5945 	  0.61902925
448 	 225.91634 	  0.30631484
449 	 226.61101 	 -0.67623078
450 	 227.21332 	 -0.94672278
451 	 227.44882 	 -0.31596978
452 	 227.86786 	 -0.37589604
453 	 228.62114 	 -0.60441121
454 	 229.25393 	  0.82357431
455 	 229.74458 	 -0.56227627
456 	 230.50715 	  0.94112153
457 	 231.13773 	 -0.9254431
458 	 231.73385 	  0.85951415
459 	 232.22083 	  0.345326
460 	 233.00355 	  0.0023182615
461 	 233.46192 	  0.97101126
462 	 233.94503 	  0.25785487
463 	 234.44035 	 -0.90466739
464 	 234.87161 	  0.078953037
465 	 235.36683 	 -0.20457043
466 	 235.86538 	 -0.26311441
467 	 236.22869 	  0.96796926
468 	 236.59562 	  0.5926664
469 	 236.93952 	 -0.26538218
470 	 237.59278 	 -0.47613793
471 	 238.2758 	 -0.70282258
472 	 238.76505 	  0.62377699
473 	 239.34014 	 -0.016689233
474 	 239.84085 	 -0.87968455
475 	 240.49404 	  0.6967362
476 	 240.91194 	  0.98870606
477 	 241.28682 	 -0.11689273
478 	 241.56947 	  0.093745746
479 	 242.10013 	  0.5168836
480 	 242.92558 	  0.91319499
481 	 243.68119 	 -0.74146517
482 	 243.99964 	 -0.12441226
483 	 244.29118 	 -0.10565002
484 	 244.76093 	  0.18621433
485 	 244.9916 	  0.78157895
486 	 245.3671 	  0.4504283
487 	 245.645 	  0.028430421
488 	 246.23547 	 -0.13385498
489 	 246.76401 	 -0.13316893
490 	 247.18685 	  0.19431808
491 	 247.71189 	 -0.48464432
492 	 248.44567 	  0.56589139
493 	 248.91922 	 -0.83402113
494 	 249.46662 	  0.049392358
495 	 250.06232 	  0.14405419
496 	 250.90687 	  0.51605115
497 	 251.34624 	 -0.21569418
498 	 252.10008 	 -0.90249959
499 	 252.57413 	 -0.65686016
500 	 253.11075 	  0.40607966
501 	 253.70847 	  0.83950052
502 	 254.2202 	  0.21564348
503 	 254.99454 	  0.50923351
504 	 255.41785 	 -0.59291926
505 	 255.84971 	  0.17338776
506 	 256.22315 	  0.87779807
507 	 256.54474 	 -0.94258978
508 	 257.05241 	 -0.38560386
509 	 257.75892 	  0.86876324
510 	 258.32888 	 -0.28748716
511 	 258.75859 	 -0.5443928
512 	 259.2529 	 -0.98110235
513 	 259.76687 	 -0.59266181
514 	 260.13089 	  0.97360145
515 	 260.55094 	 -0.27040672
516 	 260.94002 	  0.26864686
517 	 261.62779 	  0.38806328
518 	 262.16279 	 -0.4318367
519 	 262.86944 	 -0.56780738
520 	 263.55204 	 -0.79288246
521 	 264.14931 	  0.50408725
522 	 264.88912 	  0.36808014
523 	 265.54019 	  0.99338832
524 	 266.09413 	  0.82241422
525 	 266.46094 	 -0.01486864
526 	 267.15509 	 -0.76433958
527 	 267.52515 	 -0.07986926
528 	 268.08467 	  0.34004136
529 	 268.46024 	  0.85668941
530 	 269.04683 	 -0.32349736
531 	 269.48681 	  0.67820392
532 	 269.68679 	  0.75654203
533 	 270.19033 	 -0.88752307
534 	 270.61774 	 -0.91525207
535 	 271.29732 	  0.795231
536 	 271.83849 	  0.10019294
537 	 272.27092 	  0.89544804
538 	 272.80304 	  0.8723667
539 	 273.23377 	  0.58574656
540 	 273.89536 	  0.87921194
541 	 274.39556 	 -0.30697351
542 	 275.00474 	 -0.90103157
543 	 275.52536 	  0.10131262
544 	 276.02882 	  0.64648735
545 	 276.41564 	 -0.28135004
546 	 277.09853 	 -0.90727558
547 	 277.4968 	 -0.039159464
548 	 278.21102 	  0.59768831
549 	 278.54795 	 -0.89310912
550 	 278.97541 	  0.36665856
551 	 279.50189 	  0.84604086
552 	 280.0228 	 -0.1611866
553 	 280.43667 	  0.4823567
554 	 280.93007 	 -0.82887449
555 	 281.44196 	  0.72238598
556 	 281.9662 	 -0.20882436
557 	 282.20248 	 -0.7002025
558 	 282.46705 	 -0.63237872
559 	 282.76229 	  0.97136443
560 	 283.29958 	 -0.52850331
561 	 283.74753 	  0.92424752
562 	 284.16421 	  0.074086244
563 	 284.54775 	 -0.80682843
564 	 284.98997 	  0.24420191
565 	 285.51541 	  0.0037665055
566 	 286.09399 	  0.60696579
567 	 286.85907 	 -0.93892458
568 	 287.28568 	 -0.98748915
569 	 287.70071 	 -0.28504345
570 	 288.02582 	 -0.47220446
571 	 288.45225 	  0.50761042
572 	 288.83362 	 -0.22800644
573 	 289.44134 	 -0.51351998
574 	 289.97828 	  0.37288922
575 	 290.50162 	 -0.28694916
576 	 290.94876 	  0.65537018
577 	 291.6185 	  0.22003736
578 	 292.46965 	  0.33107664
579 	 292.90353 	 -0.96510394
580 	 293.22149 	 -0.90352592
581 	 293.66022 	  0.91987982
582 	 294.32758 	 -0.20902366
583 	 294.98396 	 -0.059910241
584 	 295.28274 	  0.92062731
585 	 295.82147 	 -0.022860521
586 	 296.17418 	  0.07011314
587 	 296.72001 	 -0.99224648
588 	 297.55121 	  0.43626471
589 	 298.06767 	  0.87164904
590 	 298.50215 	  0.52969358
591 	 299.11974 	  0.27349555
592 	 299.81857 	 -0.12529343
593 	 300.30851 	 -0.50269995
594 	 300.85384 	  0.55912804
595 	 301.36264 	 -0.21606314
596 	 301.65596 	  0.2612049
597 	 302.34604 	 -0.72000866
598 	 302.67705 	  0.79108683
599 	 303.26603 	  0.52797613
600 	 303.87315 	 -0.36329905
601 	 304.54871 	 -0.31586479
602 	 305.03976 	 -0.94409232
603 	 305.60764 	 -0.74063699
604 	 306.05755 	  0.83013965
605 	 306.36971 	 -0.62313411
606 	 307.15991 	  0.46032288
607 	 307.792 	 -0.97896347
608 	 308.52871 	  0.64086368
609 	 308.86977 	  0.92886838
610 	 309.29281 	 -0.060373541
611 	 309.81951 	 -0.3392112
612 	 310.45973 	 -0.40215539
613 	 310.89258 	  0.95394312
614 	 311.15126 	 -0.93485559
615 	 311.50974 	 -0.20083295
616 	 311.66303 	 -0.0079964023
617 	 312.14238 	  0.65255058
618 	 312.56674 	 -0.30439661
619 	 313.19209 	 -0.54780237
620 	 313.7265 	 -0.21946969
621 	 314.44536 	 -0.79004057
622 	 315.21559 	  0.93975635
623 	 315.54458 	  0.30583375
624 	 315.94022 	  0.42986775
625 	 316.43921 	 -0.76513182
626 	 316.65939 	 -0.073290659
627 	 317.19052 	 -0.63091624
628 	 317.41824 	  0.88619516
629 	 317.78826 	 -0.4466528
630 	 318.32935 	  0.65918141
631 	 318.69435 	  0.47427585
632 	 319.41195 	 -0.46582824
633 	 320.04511 	  0.75869644
634 	 320.73621 	  0.52270561
635 	 321.39268 	 -0.21520134
636 	 321.93189 	  0.680172
637 	 322.61226 	  0.22029411
638 	 323.21267 	 -0.34857324
639 	 323.55876 	 -0.59556975
640 	 324.17549 	 -0.63306264
641 	 324.38833 	  0.96101899
642 	 324.80617 	 -0.47588794
643 	 325.32031 	  0.58914826
644 	 326.11077 	  0.3918302
645 	 326.62704 	 -0.68055756
646 	 327.10865 	 -0.39147353
647 	 327.53665 	  0.36763317
648 	 327.96721 	  0.35339674
649 	 328.41797 	  0.83071168
650 	 328.83659 	  0.54017829
651 	 329.12694 	  0.31949818
652 	 329.53055 	  0.73259052
653 	 330.06731 	  0.63264651
654 	 330.5666 	 -0.71483055
655 	 331.22343 	 -0.036942282
656 	 331.68743 	 -0.36000885
657 	 332.08617 	 -0.087395647
658 	 332.59319 	 -0.60905138
659 	 332.80058 	 -0.68282054
660 	 333.41672 	  0.40325078
661 	 333.77265 	 -0.60030948
662 	 334.39231 	 -0.83790314
663 	 334.73632 	 -0.3997161
664 	 335.38117 	 -0.46120736
665 	 336.07035 	 -0.019820025
666 	 336.55096 	  0.67344827
667 	 336.94281 	 -0.59026021
668 	 337.38473 	 -0.91423909
669 	 338.12642 	 -0.28276077
670 	 338.86375 	  0.99621674
671 	 339.56141 	  0.83084504
672 	 339.87522 	  0.26557714
673 	 340.27377 	  0.3960768
674 	 340.58678 	 -0.84045311
675 	 341.24139 	  0.34919637
676 	 341.81254 	  0.014666199
677 	 342.58698 	 -0.61036176
678 	 342.8171 	  0.3050226
679 	 343.23417 	  0.74164751
680 	 343.64223 	 -0.4494174
681 	 344.1194 	  0.092423316
682 	 344.66638 	 -0.36930275
683 	 344.83295 	 -0.71238639
684 	 345.12944 	 -0.74632492
685 	 345.92953 	 -0.38414694
686 	 346.2113 	  0.99559879
687 	 347.00141 	  0.985173
688 	 347.63403 	  0.050283236
689 	 348.11341 	  0.68787265
690 	 348.54054 	 -0.39312841
691 	 349.04123 	 -0.82476162
692 	 349.60054 	 -0.23904905
693 	 350.18731 	  0.06006333
694 	 350.58867 	  0.62504891
695 	 350.95063 	 -0.8998265
696 	 351.63918 	 -0.26239016
697 	 352.24763 	 -0.28327825
698 	 352.99014 	  0.79711535
699 	 353.51617 	  0.89640445
700 	 354.19789 	  0.20867602
701 	 354.52141 	  0.52520197
702 	 355.19358 	  0.34943688
703 	 355.66002 	 -0.65671396
704 	 356.19571 	  0.70370411
705 	 356.86713 	  0.90951514
706 	 357.30449 	 -0.48257391
707 	 358.01189 	  0.15936965
708 	 358.3415 	 -0.29699919
709 	 358.7105 	  0.460163
710 	 359.13071 	  0.79255378
711 	 359.57976 	 -0.15244847
712 	 360.00451 	  0.62276091
713 	 360.40033 	  0.38545628
714 	 361.00861 	 -0.18010785
715 	 361.31158 	 -0.034021193
716 	 362.03382 	  0.30390517
717 	 362.61203 	  0.11319353
718 	 362.91259 	 -0.86291723
719 	 363.47192 	 -0.26484035
720 	 363.7776 	  0.067803666
721 	 364.36042 	  0.29168467
722 	 365.11918 	 -0.86174179
723 	 365.63606 	  0.47839862
724 	 365.79395 	  0.51373828
725 	 366.08465 	 -0.50205374
726 	 366.59325 	 -0.65071256
727 	 366.97066 	  0.97709653
728 	 367.40722 	  0.245484
729 	 368.02546 	  0.56072469
730 	 368.53206 	 -0.48505761
731 	 369.25281 	  0.052743987
732 	 369.47547 	 -0.21971299
733 	 370.16735 	 -0.49561677
734 	 370.45584 	 -0.84212427
735 	 370.86683 	  0.45917989
736 	 371.24779 	  0.18606363
737 	 371.80394 	 -0.10379231
738 	 372.16337 	  0.75125749
739 	 372.45813 	  0.50264451
740 	 372.66233 	 -0.38560617
741 	 373.1383 	 -0.71069249
742 	 373.51417 	  0.7841335
743 	 374.08964 	  0.71013991
744 	 374.5818 	  0.20654564
745 	 375.00846 	 -0.033346517
746 	 375.42226 	  0.80828197
747 	 376.05599 	 -0.50198288
748 	 376.52286 	 -0.32916612
749 	 376.92116 	  0.34974247
750 	 377.43932 	 -0.68584477
751 	 378.13639 	 -0.75395972
752 	 378.6835 	 -0.82030992
753 	 379.20954 	  0.25559623
754 	 379.49521 	  0.65600192
755 	 379.92463 	 -0.84114318
756 	 380.38276 	 -0.45448894
757 	 380.8268 	  0.34164654
758 	 381.64236 	  0.92971917
759 	 382.28292 	 -0.32871031
760 	 382.54495 	 -0.66723368
761 	 383.22363 	 -0.51277224
762 	 383.65771 	 -0.1786462
763 	 383.96041 	 -0.03693457
764 	 384.53725 	 -0.51161043
765 	 385.16069 	  0.32761154
766 	 385.86284 	 -0.33283371
767 	 386.55836 	  0.66465734
768 	 387.0664 	  0.40683162
769 	 387.6456 	  0.85995732
770 	 388.20609 	  0.11216414
771 	 388.78923 	  0.8186167
772 	 389.25081 	 -0.24735275
773 	 389.51783 	 -0.55433573
774 	 390.09181 	 -0.31259067
775 	 390.51086 	 -0.96810283
776 	 391.18527 	  0.95580928
777 	 391.58878 	  0.23011546
778 	 392.32232 	 -0.32855968
779 	 393.03462 	 -0.30249712
780 	 393.27472 	  0.16998503
781 	 393.78319 	  0.057053623
782 	 394.01428 	 -0.33702087
783 	 394.40348 	 -0.76591276
784 	 394.81601 	 -0.36682207
785 	 395.22897 	 -0.010940034
786 	 395.68602 	  0.49109568
787 	 396.06208 	  0.43660069
788 	 396.39114 	 -0.53956885
789 	 396.97077 	 -0.052554377
790 	 397.28648 	 -0.77475737
791 	 397.77264 	 -0.83860747
792 	 398.25073 	  0.041876532
793 	 398.78873 	  0.95801098
794 	 399.15258 	 -0.75744212
795 	 399.64163 	 -0.86034192
796 	 399.95213 	 -0.77823654
797 	 400.42066 	 -0.81605458
798 	 400.85037 	  0.78110174
799 	 401.3727 	  0.82783463
800 	 401.90873 	 -0.95668543
801 	 402.40636 	 -0.26180261
802 	 403.04787 	 -0.08284084
803 	 403.68658 	  0.29355136
804 	 403.91763 	  0.4306364
805 	 404.38564 	  0.83631068
806 	 404.83252 	  0.52274171
807 	 405.4859 	  0.57136879
808 	 405.94728 	 -0.53310552
809 	 406.54764 	  0.85520308
810 	 406.69784 	 -0.28165212
811 	 407.00779 	  0.043996429
812 	 407.39114 	 -0.27967551
813 	 408.04353 	 -0.88219123
814 	 408.61833 	 -0.21918457
815 	 409.1647 	  0.042642426
816 	 409.72428 	  0.15558372
817 	 410.3291 	  0.61437907
818 	 410.69908 	 -0.94840487
819 	 411.21262 	 -0.60255329
820 	 411.85109 	 -0.52822952
821 	 412.08385 	 -0.8618752
822 	 412.45121 	  0.8958334
823 	 412.78631 	  0.79572479
824 	 413.14165 	 -0.37704021
825 	 413.55797 	  0.67411919
826 	 414.09076 	  0.5439073
827 	 414.59972 	 -0.19750048
828 	 415.27016 	  0.77638042
829 	 415.79822 	 -0.37388881
830 	 416.49494 	 -0.073301165
831 	 417.04671 	 -0.77702703
832 	 417.77295 	 -0.75116685
833 	 418.31364 	  0.17909707
834 	 418.90443 	 -0.76545487
835 	 419.1411 	 -0.38306152
836 	 419.53102 	 -0.33436189
837 	 420.07256 	  0.87680733
838 	 420.28777 	  0.5570132
839 	 421.02066 	 -0.3940456
840 	 421.7208 	  0.85879452
841 	 422.26729 	  0.8756993
842 	 422.74032 	  0.13680901
843 	 423.41848 	 -0.97187996
844 	 424.01704 	 -0.83291894
845 	 424.20993 	 -0.32874997
846 	 424.86093 	 -0.86388618
847 	 425.47255 	  0.89807491
848 	 425.95465 	  0.38032179
849 	 426.42551 	 -0.44346786
850 	 426.8924 	  0.89786096
851 	 427.33937 	  0.047665178
852 	 427.83442 	  0.25623997
853 	 428.58278 	  0.4430628
854 	 429.03293 	 -0.70298791
855 	 429.3537 	  0.21525612
856 	 429.98503 	  0.68194591
857 	 430.39876 	 -0.42635507
858 	 430.91016 	 -0.58525238
859 	 431.24806 	  0.71425411
860 	 431.73134 	 -0.090516482
861 	 432.33158 	  0.94564888
862 	 433.00229 	  0.56497522
863 	 433.50571 	  0.016983564
864 	 434.0262 	 -0.35886698
865 	 434.42986 	  0.26941945
866 	 435.22976 	 -0.74659681
867 	 435.85156 	 -0.63287042
868 	 436.40718 	 -0.58950102
869 	 436.93979 	 -0.56154623
870 	 437.49706 	  0.30356299
871 	 437.99556 	 -0.059145697
872 	 438.56395 	  0.26934701
873 	 439.41184 	  0.59535405
874 	 440.01847 	 -0.098762575
875 	 440.50756 	  0.86547038
876 	 441.19691 	  0.67289685
877 	 441.53673 	  0.95647355
878 	 442.28906 	 -0.1865203
879 	 442.92092 	 -0.60687495
880 	 443.65354 	 -0.11436752
881 	 444.20002 	  0.32989849
882 	 444.6038 	 -0.7360077
883 	 445.16501 	 -0.16661558
884 	 445.90662 	 -0.82313742
885 	 446.44852 	 -0.53421473
886 	 446.61023 	  0.48885821
887 	 447.08881 	  0.14072141
888 	 447.59599 	 -0.37096631
889 	 448.31758 	  0.67411796
890 	 448.95629 	 -0.91848695
891 	 449.38371 	 -0.012360231
892 	 450.05221 	 -0.24022181
893 	 450.53747 	 -0.99963062
894 	 451.06954 	 -0.54981565
895 	 451.50734 	  0.34240349
896 	 452.02195 	 -0.90477909
897 	 452.51895 	 -0.37595582
898 	 453.12483 	  0.63095844
899 	 453.78294 	  0.84731277
900 	 454.37804 	  0.55223994
901 	 454.86917 	  0.95181373
902 	 455.31445 	 -0.5757418
903 	 456.0025 	  0.91215784
904 	 456.28638 	  0.14469641
905 	 457.00283 	  0.52795117
906 	 457.5419 	  0.42197351
907 	 458.09782 	 -0.22512084
908 	 458.7071 	  0.75362936
909 	 458.9878 	  0.93852867
910 	 459.46568 	  0.36585874
911 	 460.02738 	 -0.69387472
912 	 460.53051 	  0.082034638
913 	 461.13533 	  0.71987087
914 	 461.50096 	  0.48388567
915 	 462.18688 	  0.58602604
916 	 462.54228 	  0.2511205
917 	 463.04609 	 -0.011139716
918 	 463.67109 	  0.22189804
919 	 464.18435 	 -0.54775353
920 	 464.74567 	 -0.5716974
921 	 465.35395 	  0.8728482
922 	 465.8325 	  0.017561851
923 	 466.15185 	  0.057944922
924 	 466.73042 	  0.36289271
925 	 467.23287 	  0.55319067
926 	 468.122 	  0.97645322
927 	 468.59218 	 -0.85866174
928 	 468.98171 	  0.63059928
929 	 469.37135 	 -0.68639097
930 	 469.89362 	  0.58793714
931 	 470.20112 	 -0.10331879
932 	 470.69177 	 -0.48634309
933 	 471.0851 	  0.28435265
934 	 471.65576 	 -0.67830214
935 	 472.07317 	 -0.25097677
936 	 472.54711 	  0.91379867
937 	 472.97654 	  0.87473063
938 	 473.6297 	 -0.69809791
939 	 473.90121 	 -0.66112541
940 	 474.6318 	 -0.25739877
941 	 475.00914 	  0.095165533
942 	 475.58407 	 -0.9197936
943 	 476.12803 	 -0.71280834
944 	 476.6626 	 -0.096336666
945 	 477.27544 	 -0.59605585
946 	 477.60636 	  0.28921328
947 	 478.11723 	 -0.99872252
948 	 478.71838 	  0.62560549
949 	 479.49913 	  0.069552754
950 	 480.25605 	 -0.5599775
951 	 480.87717 	  0.73486102
952 	 481.13004 	  0.1920922
953 	 481.47353 	 -0.17561573
954 	 481.89853 	 -0.35670717
955 	 482.1684 	  0.046250635
956 	 482.48015 	 -0.61574817
957 	 482.6589 	 -0.92910574
958 	 482.93889 	 -0.72482008
959 	 483.2779 	 -0.43348882
960 	 483.58859 	  0.46074159
961 	 483.85176 	  0.3196277
962 	 484.44946 	  0.82214374
963 	 485.17744 	  0.32680481
964 	 485.67776 	  0.79586474
965 	 486.26179 	  0.99380889
966 	 486.82329 	 -0.046079466
967 	 487.27457 	  0.73269907
968 	 487.8054 	  0.40315367
969 	 488.03658 	 -0.86991232
970 	 488.25909 	  0.38222635
971 	 488.52204 	 -0.47302124
972 	 488.84146 	  0.63575169
973 	 489.45029 	 -0.024915103
974 	 489.99427 	  0.63097553
975 	 490.5656 	 -0.71191271
976 	 491.08926 	 -0.43931053
977 	 491.36488 	  0.52723615
978 	 491.79503 	  0.70233165
979 	 492.28423 	 -0.18438924
980 	 492.99078 	 -0.72641705
981 	 493.58623 	  0.9986491
982 	 494.18792 	  0.99441716
983 	 494.45516 	  0.66053677
984 	 494.83277 	  0.60887693
985 	 495.1842 	 -0.025935279
986 	 495.69936 	  0.40822924
987 	 496.07471 	  0.71826411
988 	 496.40874 	  0.58707306
989 	 496.88208 	 -0.61748558
990 	 497.06245 	  0.16724089
991 	 497.52127 	 -0.74479318
992 	 498.12125 	  0.25087567
993 	 498.71041 	  0.56648282
994 	 499.09911 	 -0.76689238
995 	 499.75211 	  0.0027315284
996 	 500.38624 	 -0.91946238
997 	 501.13283 	  0.58872261
998 	 501.66297 	 -0.70169619
999 	 500.90224 	  0.97779246
FUNCTION PROFILE: 
0 	 0.486073126648
1 	 0.47374422125
2 	 0.960685285887
3 	 0.989958347437
4 	 0.992159608243
5 	 0.825925720211
6 	 0.477106537934
7 	 0.082337249497
8 	 0.749208663226
9 	 0.854185439224
10 	 0.318830042801
11 	 0.729810769261
12 	 0.377379482233
13 	 0.71410346479
14 	 0.300091022464
15 	 0.480898683857
16 	 0.370152781766
17 	 0.126132682989
18 	 0.820540437486
19 	 0.073051924706
20 	 0.413069761667
21 	 0.490766399285
22 	 0.960698989208
23 	 0.445979693546
24 	 0.512405089621
25 	 0.105618280566
26 	 0.388786356937
27 	 0.84365942835
28 	 0.936736825051
29 	 0.005101915003
30 	 0.521420287093
31 	 0.037405872971
32 	 0.493895666691
33 	 0.818806706847
34 	 0.192008281573
35 	 0.632411466767
36 	 0.951591055365
37 	 0.962192066125
38 	 0.642510873961
39 	 0.903322506022
40 	 0.638115214857
41 	 0.668494751325
42 	 0.952356251124
43 	 0.210590021276
44 	 0.517227775046
45 	 0.147300188201
46 	 0.811989406405
47 	 0.964820617513
48 	 0.974142647299
49 	 0.98310570319
50 	 0.018031251518
51 	 0.100268029708
52 	 0.038044326053
53 	 0.511123666751
54 	 0.541827462019
55 	 0.428616396618
56 	 0.399956965618
57 	 0.995917760837
58 	 0.482811841882
59 	 0.136925197274
60 	 0.256739077326
61 	 0.501800523108
62 	 0.811662446433
63 	 0.735415132343
64 	 0.677793354375
65 	 0.961407965889
66 	 0.221431746602
67 	 0.621103131321
68 	 0.182114126152
69 	 0.139284574074
70 	 0.712836643888
71 	 0.71685910128
72 	 0.552291888737
73 	 0.051204929072
74 	 0.57378016131
75 	 0.178902840636
76 	 0.93632311504
77 	 0.209829170718
78 	 0.573200007826
79 	 0.152743591078
80 	 0.538156464649
81 	 0.020198364044
82 	 0.231641430978
83 	 0.968122397873
84 	 0.627356209664
85 	 0.761639673074
86 	 0.189787756135
87 	 0.454375102371
88 	 0.048997791632
89 	 0.06004822914
90 	 0.894340075553
91 	 0.13381006467
92 	 0.867068831016
93 	 0.307874320847
94 	 0.42638051183
95 	 0.275236106809
96 	 0.937488694557
97 	 0.692474707312
98 	 0.415056737093
99 	 0.314287581402
100 	 0.243285334778
101 	 0.042955395307
102 	 0.756513259989
103 	 0.346127161401
104 	 0.762137588532
105 	 0.493091760885
106 	 0.390118869137
107 	 0.498507402762
108 	 0.291894275549
109 	 0.150655799868
110 	 0.561145728781
111 	 0.439859796442
112 	 0.231962763713
113 	 0.555421627192
114 	 0.159184625948
115 	 0.025786186636
116 	 0.760944611975
117 	 0.766513070118
118 	 0.233490851931
119 	 0.743547357682
120 	 0.011536373754
121 	 0.995591304272
122 	 0.060500147134
123 	 0.962663031495
124 	 0.11026785525
125 	 0.92662267392
126 	 0.22848722651
127 	 0.522834319335
128 	 0.397751245849
129 	 0.756855823446
130 	 0.327149855466
131 	 0.481965488059
132 	 0.909103756736
133 	 0.59583432847
134 	 0.369288755528
135 	 0.138105105836
136 	 0.11996180127
137 	 0.71635158277
138 	 0.007598869073
139 	 0.140575522004
140 	 0.418829516725
141 	 0.39303354431
142 	 0.161369536248
143 	 0.561728695682
144 	 0.370362215951
145 	 0.717273514624
146 	 0.816555617018
147 	 0.87843802593
148 	 0.777874594551
149 	 0.202149283075
150 	 0.914658238982
151 	 0.578797434555
152 	 0.157304324604
153 	 0.287259496466
154 	 0.110212321645
155 	 0.651786779715
156 	 0.387776500446
157 	 0.679758428446
158 	 0.818181430477
159 	 0.342536600986
160 	 0.931092156886
161 	 0.968262444305
162 	 0.464688042693
163 	 0.75980445369
164 	 0.962813269395
165 	 0.231967247381
166 	 0.794562941738
167 	 0.530112194389
168 	 0.567638231551
169 	 0.012977232826
170 	 0.673838332605
171 	 0.415142038646
172 	 0.017703313422
173 	 0.740354570999
174 	 0.610296628791
175 	 0.019143005924
176 	 0.33406997703
177 	 0.050065389251
178 	 0.880963682139
179 	 0.849598972121
180 	 0.501332617774
181 	 0.235711697641
182 	 0.174866845018
183 	 0.578882578189
184 	 0.988800267427
185 	 0.526982660609
186 	 0.056365823636
187 	 0.2466326374
188 	 0.70354981618
189 	 0.039779173999
190 	 0.944153220716
191 	 0.621581844909
192 	 0.229379669957
193 	 0.172384329092
194 	 0.003500034734
195 	 0.057088021937
196 	 0.112371622853
197 	 0.037413397978
198 	 0.458858346557
199 	 0.245725779903
200 	 0.210115184459
201 	 0.24874773422
202 	 0.924782520909
203 	 0.791222606778
204 	 0.105602269292
205 	 0.152311843979
206 	 0.630056596206
207 	 0.532491001205
208 	 0.569502575381
209 	 0.411343294885
210 	 0.105201838029
211 	 0.062675293068
212 	 0.511807590436
213 	 0.485123871943
214 	 0.242282813748
215 	 0.86340389791
216 	 0.086615167862
217 	 0.988072098107
218 	 0.813580082532
219 	 0.697102461829
220 	 0.680953028022
221 	 0.473095345142
222 	 0.384963200915
223 	 0.466072052769
224 	 0.587999465511
225 	 0.256004340318
226 	 0.990862830683
227 	 0.099016006488
228 	 0.729385721891
229 	 0.086169086273
230 	 0.494122263158
231 	 0.293703124148
232 	 0.036598690317
233 	 0.118698370428
234 	 0.566419061002
235 	 0.010744879605
236 	 0.597072486661
237 	 0.058070163658
238 	 0.212268871268
239 	 0.34445071022
240 	 0.304219200625
241 	 0.586354411856
242 	 0.150447172224
243 	 0.763435981835
244 	 0.482512437164
245 	 0.262959224542
246 	 0.961113611463
247 	 0.774171074133
248 	 0.031703714476
249 	 0.292204338208
250 	 0.081328990301
251 	 0.680666011471
252 	 0.480981430138
253 	 0.242640027635
254 	 0.311668249587
255 	 0.09392786392
256 	 0.422008380885
257 	 0.768362374182
258 	 0.51367951272
259 	 0.117043359861
260 	 0.347238621402
261 	 0.920183896356
262 	 0.848228753635
263 	 0.246860041342
264 	 0.701093183531
265 	 0.187279826243
266 	 0.737083178923
267 	 0.303306309291
268 	 0.912165568066
269 	 0.80521557195
270 	 0.119869280642
271 	 0.19577202388
272 	 0.94735509522
273 	 0.950222431164
274 	 0.639836659277
275 	 0.641965400761
276 	 0.609390353299
277 	 0.36846116472
278 	 0.147231151935
279 	 0.976414708916
280 	 0.743935347302
281 	 0.862839816683
282 	 0.765463868018
283 	 0.843921520636
284 	 0.207951430111
285 	 0.090241124836
286 	 0.632978247587
287 	 0.100319804151
288 	 0.092827168198
289 	 0.1602179989
290 	 0.410042533186
291 	 0.179429398398
292 	 0.718925727391
293 	 0.042371253435
294 	 0.179396024725
295 	 0.86230785315
296 	 0.762766784436
297 	 0.458111616821
298 	 0.393042759524
299 	 0.081160917194
300 	 0.59922624858
301 	 0.857751389762
302 	 0.659560825977
303 	 0.764738283546
304 	 0.634893216007
305 	 0.040204043068
306 	 0.110257237568
307 	 0.552217012857
308 	 0.421976917418
309 	 0.478665575485
310 	 0.506439819418
311 	 0.218796518672
312 	 0.125839768152
313 	 0.859488303547
314 	 0.118892648364
315 	 0.378597448473
316 	 0.330056889829
317 	 0.953986208577
318 	 0.711759819274
319 	 0.77082418027
320 	 0.80946007482
321 	 0.949015893839
322 	 0.661906173565
323 	 0.023246883438
324 	 0.039000663587
325 	 0.205117996276
326 	 0.038806494925
327 	 0.080365128392
328 	 0.214669491623
329 	 0.088017544862
330 	 0.873602805395
331 	 0.516992334783
332 	 0.542063957287
333 	 0.660575383593
334 	 0.023453227468
335 	 0.101266235283
336 	 0.794022306534
337 	 0.666842340969
338 	 0.143917629604
339 	 0.541509850939
340 	 0.726900985985
341 	 0.419752570925
342 	 0.3816884101
343 	 0.503339749597
344 	 0.837004164195
345 	 0.474783137658
346 	 0.543965237874
347 	 0.77417200989
348 	 0.251131361926
349 	 0.203622585606
350 	 0.772267493372
351 	 0.312892949749
352 	 0.167401372999
353 	 0.020061046363
354 	 0.455182495863
355 	 0.962371120453
356 	 0.1201627603
357 	 0.489879983705
358 	 0.39873738388
359 	 0.298617390351
360 	 0.459920215107
361 	 0.562982355417
362 	 0.438551952022
363 	 0.588300897481
364 	 0.477578531545
365 	 0.078156241734
366 	 0.900344473498
367 	 0.171310109779
368 	 0.675644997085
369 	 0.341280223835
370 	 0.334038149852
371 	 0.829791017792
372 	 0.871761812644
373 	 0.288475061484
374 	 0.619873518276
375 	 0.523831312336
376 	 0.012122999343
377 	 0.438213374516
378 	 0.776195118688
379 	 0.885457044927
380 	 0.908457305522
381 	 0.50556984107
382 	 0.391107096685
383 	 0.721400541799
384 	 0.338193702964
385 	 0.263969372542
386 	 0.696106432461
387 	 0.126131854239
388 	 0.872128274574
389 	 0.089777422332
390 	 0.217827215189
391 	 0.45709641809
392 	 0.100363080267
393 	 0.010408761257
394 	 0.897908836035
395 	 0.540003665485
396 	 0.022590790457
397 	 0.61462813781
398 	 0.182910103102
399 	 0.291507169119
400 	 0.810620741859
401 	 0.663788425031
402 	 0.918586882535
403 	 0.280220992123
404 	 0.387058248792
405 	 0.771270001141
406 	 0.550055243538
407 	 0.837092692627
408 	 0.980070861192
409 	 0.375253045445
410 	 0.172162622076
411 	 0.340749513017
412 	 0.999625739477
413 	 0.319907132856
414 	 0.304285778695
415 	 0.854495822032
416 	 0.606693007219
417 	 0.344393660349
418 	 0.779514351288
419 	 0.377731943042
420 	 0.352350048987
421 	 0.656671519334
422 	 0.724260052948
423 	 0.153017273503
424 	 0.14292882506
425 	 0.270406348381
426 	 0.7036120233
427 	 0.185047064567
428 	 0.631984927053
429 	 0.074989391825
430 	 0.073866284714
431 	 0.268145661402
432 	 0.841563860201
433 	 0.337210436331
434 	 0.542265680957
435 	 0.459601477554
436 	 0.169138172114
437 	 0.187281723862
438 	 0.870677743585
439 	 0.753699642902
440 	 0.864715175945
441 	 0.717853474362
442 	 0.46352632335
443 	 0.829675708902
444 	 0.599017394016
445 	 0.26028479082
446 	 0.473406288766
447 	 0.105864008935
448 	 0.309961869774
449 	 0.958344834523
450 	 0.7153710173
451 	 0.925230597797
452 	 0.697654124072
453 	 0.112547689129
454 	 0.986886705797
455 	 0.485780159475
456 	 0.798949049509
457 	 0.28435343361
458 	 0.310088429299
459 	 0.807669095015
460 	 0.869132290268
461 	 0.978631109663
462 	 0.378124730549
463 	 0.784152944014
464 	 0.906556507091
465 	 0.051083596555
466 	 0.043225620946
467 	 0.875763570191
468 	 0.854113389141
469 	 0.867054905179
470 	 0.372448867003
471 	 0.240265567823
472 	 0.686882877758
473 	 0.584191447703
474 	 0.213000246528
475 	 0.501461306799
476 	 0.754908278075
477 	 0.588892507176
478 	 0.621799827389
479 	 0.506673080213
480 	 0.12680868697
481 	 0.949935535772
482 	 0.974045919682
483 	 0.095562728612
484 	 0.591907719128
485 	 0.510112966854
486 	 0.931247008976
487 	 0.19613525776
488 	 0.191592053738
489 	 0.919170433835
490 	 0.643815591103
491 	 0.098830497761
492 	 0.578673774634
493 	 0.770331089234
494 	 0.092634883873
495 	 0.49440757164
496 	 0.749011827736
497 	 0.638730877236
498 	 0.105741839599
499 	 0.616922803056
500 	 0.130531610318
501 	 0.979133356664
502 	 0.059077146865
503 	 0.356743700762
504 	 0.45950893449
505 	 0.753132941525
506 	 0.789324125336
507 	 0.562025707116
508 	 0.198476696255
509 	 0.197462761418
510 	 0.431553007451
511 	 0.959944640256
512 	 0.234979891979
513 	 0.119355418099
514 	 0.591130830538
515 	 0.427405495518
516 	 0.244554849567
517 	 0.419261197915
518 	 0.55115831177
519 	 0.432096379809
520 	 0.322628184529
521 	 0.928108105148
522 	 0.028207783774
523 	 0.485238229451
524 	 0.213402717446
525 	 0.009567273628
526 	 0.439130501805
527 	 0.394787611392
528 	 0.99421712561
529 	 0.248675388451
530 	 0.631359329801
531 	 0.236295438461
532 	 0.056363438919
533 	 0.558323915004
534 	 0.138166391151
535 	 0.31201628298
536 	 0.327219170086
537 	 0.644859420913
538 	 0.546161078104
539 	 0.304871292055
540 	 0.897311354389
541 	 0.752672011148
542 	 0.880035997319
543 	 0.220705396193
544 	 0.641883531788
545 	 0.698241044035
546 	 0.478785614823
547 	 0.256431502306
548 	 0.895874965133
549 	 0.401340922447
550 	 0.428087895614
551 	 0.384376932803
552 	 0.056512628308
553 	 0.005191688132
554 	 0.38478685455
555 	 0.24327534642
556 	 0.036364064674
557 	 0.389754689693
558 	 0.915340554902
559 	 0.673466247916
560 	 0.356265792943
561 	 0.147876001817
562 	 0.30849367467
563 	 0.541963131728
564 	 0.618804626531
565 	 0.527601051127
566 	 0.585376634292
567 	 0.033914666539
568 	 0.384697737036
569 	 0.409310741266
570 	 0.081652041769
571 	 0.445448653458
572 	 0.744094708671
573 	 0.709040531181
574 	 0.896409655026
575 	 0.772348578774
576 	 0.49534932918
577 	 0.588153586779
578 	 0.551707639864
579 	 0.046058875978
580 	 0.679489025916
581 	 0.43261361045
582 	 0.215915491191
583 	 0.211820095648
584 	 0.493860278564
585 	 0.047209961527
586 	 0.77197124616
587 	 0.148615416895
588 	 0.586737622179
589 	 0.450242439
590 	 0.869017662743
591 	 0.181035303622
592 	 0.794015529557
593 	 0.191402074075
594 	 0.173051615433
595 	 0.326995530939
596 	 0.837506413985
597 	 0.433990736682
598 	 0.494946384804
599 	 0.346426222323
600 	 0.28402970815
601 	 0.797580307142
602 	 0.009047108341
603 	 0.632822479215
604 	 0.035584846758
605 	 0.457096136152
606 	 0.82742465123
607 	 0.953282257973
608 	 0.322342863195
609 	 0.502888594077
610 	 0.37759017424
611 	 0.617189609622
612 	 0.798459457358
613 	 0.920118367383
614 	 0.420723909017
615 	 0.177894794628
616 	 0.462030327309
617 	 0.779800989277
618 	 0.443355249579
619 	 0.727699007486
620 	 0.317814038467
621 	 0.441694759802
622 	 0.098882249539
623 	 0.009044499702
624 	 0.773053581019
625 	 0.202289736331
626 	 0.706270973169
627 	 0.238105190116
628 	 0.053405201034
629 	 0.964354937342
630 	 0.111918853609
631 	 0.510443454412
632 	 0.287379788712
633 	 0.813073308332
634 	 0.993518077755
635 	 0.56332818325
636 	 0.650881744076
637 	 0.614656044042
638 	 0.579259861105
639 	 0.150235187907
640 	 0.711032656152
641 	 0.315229948354
642 	 0.496514047837
643 	 0.702208714332
644 	 0.924525779541
645 	 0.235368647872
646 	 0.427714470088
647 	 0.268624303558
648 	 0.391491105321
649 	 0.958170770389
650 	 0.53218446283
651 	 0.176632093423
652 	 0.364838825935
653 	 0.824934533187
654 	 0.580847049991
655 	 0.070037298589
656 	 0.257353812177
657 	 0.145468133522
658 	 0.274416273576
659 	 0.484004403949
660 	 0.154227498679
661 	 0.36831372851
662 	 0.349673657183
663 	 0.319501294452
664 	 0.081485079747
665 	 0.964396612599
666 	 0.760250696175
667 	 0.418393883319
668 	 0.694716463021
669 	 0.294497463271
670 	 0.671132415416
671 	 0.396369185149
672 	 0.621629389702
673 	 0.078755970712
674 	 0.482712722864
675 	 0.364135821224
676 	 0.439252960643
677 	 0.806117930615
678 	 0.358053162678
679 	 0.069258191282
680 	 0.358663125709
681 	 0.759022484041
682 	 0.257990323654
683 	 0.343034203186
684 	 0.323242463034
685 	 0.293578657545
686 	 0.943197373713
687 	 0.913464208097
688 	 0.807412522925
689 	 0.074951905864
690 	 0.204934040809
691 	 0.079765412951
692 	 0.108814314286
693 	 0.79407801235
694 	 0.012962980016
695 	 0.783676674072
696 	 0.212298616472
697 	 0.71786423897
698 	 0.344773918191
699 	 0.831771187282
700 	 0.072601333069
701 	 0.67410332982
702 	 0.21346055134
703 	 0.763950522911
704 	 0.625402684577
705 	 0.457596490937
706 	 0.590229028563
707 	 0.867228699236
708 	 0.590903129774
709 	 0.044993864993
710 	 0.675035651494
711 	 0.573014686478
712 	 0.949833468353
713 	 0.109234172901
714 	 0.973838756122
715 	 0.780046968656
716 	 0.31905505189
717 	 0.154976115479
718 	 0.694957520259
719 	 0.64978609193
720 	 0.028344370779
721 	 0.013380098681
722 	 0.533692124204
723 	 0.179724159649
724 	 0.528996102212
725 	 0.158468476362
726 	 0.942742345951
727 	 0.209121878407
728 	 0.028719176412
729 	 0.184762478375
730 	 0.890815646089
731 	 0.520083157953
732 	 0.188463836596
733 	 0.757199345845
734 	 0.690688997237
735 	 0.387513198845
736 	 0.319618020928
737 	 0.179324533933
738 	 0.800104030989
739 	 0.274329614343
740 	 0.616048969059
741 	 0.589973204217
742 	 0.613868329948
743 	 0.936763479766
744 	 0.014501337539
745 	 0.201580580958
746 	 0.830512681724
747 	 0.20827244977
748 	 0.612314609197
749 	 0.033884192489
750 	 0.828235891785
751 	 0.35336489403
752 	 0.220082103096
753 	 0.372111617106
754 	 0.349201813721
755 	 0.287146192943
756 	 0.980304456207
757 	 0.54789090716
758 	 0.16201899799
759 	 0.010134059382
760 	 0.074176593102
761 	 0.061032388861
762 	 0.196427745282
763 	 0.321422152606
764 	 0.167464512154
765 	 0.772407640834
766 	 0.111510010277
767 	 0.395708062564
768 	 0.876670512179
769 	 0.531080928375
770 	 0.098439431063
771 	 0.095343344164
772 	 0.051867038441
773 	 0.114431396389
774 	 0.348444024779
775 	 0.129338042441
776 	 0.488414572176
777 	 0.190307942583
778 	 0.650409951768
779 	 0.382681761952
780 	 0.071736790555
781 	 0.716288703216
782 	 0.244887316788
783 	 0.200465607528
784 	 0.188542656018
785 	 0.850242035985
786 	 0.893484883204
787 	 0.600654375298
788 	 0.672742470073
789 	 0.990587240802
790 	 0.522146259758
791 	 0.123502346944
792 	 0.734719558096
793 	 0.072885561308
794 	 0.76689147411
795 	 0.843275293202
796 	 0.945346011821
797 	 0.242762547118
798 	 0.414909572411
799 	 0.914509257306
800 	 0.482462193481
801 	 0.84047602893
802 	 0.337545415244
803 	 0.408997805039
804 	 0.272816889811
805 	 0.72525772158
806 	 0.938847319891
807 	 0.265961364792
808 	 0.414018489375
809 	 0.535914459728
810 	 0.607430100643
811 	 0.896954844757
812 	 0.020348311598
813 	 0.314057711405
814 	 0.900831456113
815 	 0.360413889136
816 	 0.128856127924
817 	 0.202491827268
818 	 0.802179936309
819 	 0.609639563711
820 	 0.407019474963
821 	 0.508966476061
822 	 0.469020120877
823 	 0.4389616062
824 	 0.591166183935
825 	 0.953012931874
826 	 0.934082605126
827 	 0.580046744605
828 	 0.544120298494
829 	 0.291660724858
830 	 0.773666239404
831 	 0.572905777984
832 	 0.583540934419
833 	 0.486643203397
834 	 0.659900339765
835 	 0.089731166526
836 	 0.625673773771
837 	 0.189926169942
838 	 0.405896359083
839 	 0.24871060661
840 	 0.214341549744
841 	 0.329716517324
842 	 0.615699566601
843 	 0.130406927497
844 	 0.826062930537
845 	 0.808970437946
846 	 0.527324751212
847 	 0.152830654998
848 	 0.726962475628
849 	 0.177470703332
850 	 0.892306493985
851 	 0.428535428121
852 	 0.963290480358
853 	 0.03894481792
854 	 0.214432702774
855 	 0.502905793126
856 	 0.919117144873
857 	 0.797059908169
858 	 0.297413858237
859 	 0.521548565108
860 	 0.517773925802
861 	 0.957473695537
862 	 0.825696942576
863 	 0.383535262965
864 	 0.496259855534
865 	 0.998846439432
866 	 0.571730688501
867 	 0.992842820186
868 	 0.888677857593
869 	 0.950806818227
870 	 0.316150656287
871 	 0.291352222485
872 	 0.492539976867
873 	 0.834045514224
874 	 0.446488054643
875 	 0.134471982633
876 	 0.339886923677
877 	 0.591133096805
878 	 0.036530249696
879 	 0.839884890965
880 	 0.528561975484
881 	 0.318456286555
882 	 0.318281647044
883 	 0.733989647496
884 	 0.406533100839
885 	 0.343944393021
886 	 0.245859287862
887 	 0.525912422739
888 	 0.582941319719
889 	 0.319497047012
890 	 0.677424536588
891 	 0.530732149662
892 	 0.65651911132
893 	 0.31503965427
894 	 0.365957213053
895 	 0.171153409623
896 	 0.442066309346
897 	 0.456257481201
898 	 0.664163285531
899 	 0.305675817775
900 	 0.817531939692
901 	 0.758122273168
902 	 0.058388957936
903 	 0.895273852399
904 	 0.339624331798
905 	 0.104389291331
906 	 0.492191887831
907 	 0.133346095749
908 	 0.400297740569
909 	 0.827627336782
910 	 0.07566688936
911 	 0.629493379038
912 	 0.181535857562
913 	 0.099164315594
914 	 0.077875703149
915 	 0.828518418658
916 	 0.034156202323
917 	 0.457877267804
918 	 0.054095786662
919 	 0.490339639095
920 	 0.899487938492
921 	 0.919612686861
922 	 0.699826147882
923 	 0.043797906279
924 	 0.453361664214
925 	 0.04364710747
926 	 0.332245694325
927 	 0.260540556652
928 	 0.279954503751
929 	 0.605560079622
930 	 0.390017241631
931 	 0.611598179918
932 	 0.925108433434
933 	 0.367107529379
934 	 0.014391726039
935 	 0.874254574348
936 	 0.814146977044
937 	 0.287501682256
938 	 0.964719923515
939 	 0.011416384623
940 	 0.085489375202
941 	 0.107137634982
942 	 0.499067349181
943 	 0.629522938457
944 	 0.531998918008
945 	 0.638773283276
946 	 0.229308082884
947 	 0.839027560358
948 	 0.06635133165
949 	 0.601939337041
950 	 0.467639301703
951 	 0.499316885577
952 	 0.905641046035
953 	 0.800449517678
954 	 0.702557773152
955 	 0.434049857981
956 	 0.7086677512
957 	 0.80629330502
958 	 0.909682870775
959 	 0.663014404624
960 	 0.96351553272
961 	 0.34657165907
962 	 0.148697149225
963 	 0.923018283293
964 	 0.511531400515
965 	 0.911789075497
966 	 0.50330197384
967 	 0.025145731182
968 	 0.67246765453
969 	 0.556058427176
970 	 0.08702429664
971 	 0.879592802679
972 	 0.112688378151
973 	 0.029542020489
974 	 0.812775837572
975 	 0.884974198823
976 	 0.137594342931
977 	 0.11215393517
978 	 0.071796135169
979 	 0.043607931417
980 	 0.485534607696
981 	 0.38720768086
982 	 0.43921374387
983 	 0.514034371609
984 	 0.190190975244
985 	 0.668272514468
986 	 0.116334771834
987 	 0.603459936608
988 	 0.876871215549
989 	 0.968082118231
990 	 0.594362837954
991 	 0.088763358744
992 	 0.554969263713
993 	 0.101683178944
994 	 0.410700350562
995 	 0.703825586392
996 	 0.174795056454
997 	 0.81763196051
998 	 0.22130497837
999 	 0.959157530201
# END OF FILE #