PROBLEM_NAME: RAP-NC-L_0308.txt
PROBLEM_TYPE: UB
NB_RESOURCES: 100
LINEAR_TERM: 31.6349
BOUNDS SECTION: INDEX 	 UB 	 LINEAR_TERM
0 	 0.47062523 	  0.63252404
1 	 0.98208204 	 -0.96471868
2 	 1.3346489 	  0.34148561
3 	 1.9834105 	  0.89846681
4 	 2.4716458 	  0.5579615
5 	 3.1984906 	  0.78292287
6 	 3.7600739 	 -0.66525592
7 	 4.1176536 	  0.55358992
8 	 4.7021953 	  0.80071117
9 	 5.375128 	  0.73491487
10 	 5.7504072 	  0.93276984
11 	 6.5830349 	 -0.49159453
12 	 7.0115247 	 -0.055437501
13 	 7.3017184 	 -0.68585622
14 	 8.0548871 	 -0.39107986
15 	 8.6240129 	 -0.92408137
16 	 9.015244 	  0.84960261
17 	 9.5290048 	 -0.63606515
18 	 9.9987074 	  0.068382712
19 	 10.516918 	 -0.8479987
20 	 11.134476 	 -0.5025682
21 	 11.694215 	  0.55133663
22 	 12.15002 	 -0.20203207
23 	 12.863426 	 -0.93483428
24 	 13.35424 	 -0.74775474
25 	 13.958145 	 -0.49127189
26 	 14.259361 	  0.099003481
27 	 14.991451 	  0.13978903
28 	 15.459644 	 -0.53805563
29 	 16.04648 	 -0.66350655
30 	 16.589003 	 -0.8361564
31 	 16.89196 	  0.27391528
32 	 17.486213 	 -0.044889874
33 	 18.050906 	 -0.67214878
34 	 18.614241 	 -0.34450263
35 	 19.026894 	  0.338421
36 	 19.549016 	  0.75745128
37 	 19.807801 	  0.38528499
38 	 20.623899 	  0.37282224
39 	 20.81535 	  0.91454025
40 	 21.237455 	  0.92224172
41 	 21.940131 	 -0.45066308
42 	 22.497445 	 -0.55316473
43 	 23.155214 	  0.41131569
44 	 23.579177 	  0.46900798
45 	 24.272655 	  0.64534771
46 	 24.550189 	  0.92404265
47 	 24.958458 	 -0.81600116
48 	 25.564568 	 -0.33596084
49 	 26.063564 	  0.59763065
50 	 26.655515 	 -0.76480299
51 	 27.344202 	  0.82538016
52 	 27.917535 	 -0.37065448
53 	 28.297739 	  0.34551018
54 	 28.718221 	 -0.20225843
55 	 29.193634 	  0.41219948
56 	 29.710439 	 -0.94280902
57 	 30.191939 	 -0.9931999
58 	 30.615057 	  0.53725639
59 	 31.035327 	 -0.2940339
60 	 31.576756 	 -0.081364907
61 	 31.891214 	  0.1636031
62 	 32.412077 	 -0.076598843
63 	 33.029616 	  0.6523655
64 	 33.658766 	 -0.8489588
65 	 34.109167 	  0.50133195
66 	 34.410607 	 -0.13083798
67 	 34.798662 	  0.21378653
68 	 35.374594 	  0.54163783
69 	 35.946251 	 -0.73623761
70 	 36.365599 	  0.80140704
71 	 36.964579 	  0.59873878
72 	 37.575906 	 -0.09623223
73 	 37.885597 	 -0.32150375
74 	 38.414293 	  0.4452258
75 	 39.002545 	  0.51809074
76 	 39.33408 	  0.087709342
77 	 39.723321 	  0.0021864007
78 	 40.40898 	 -0.027650251
79 	 40.877762 	 -0.32188282
80 	 41.221026 	  0.33181015
81 	 41.409054 	 -0.48459841
82 	 42.130285 	 -0.44705799
83 	 42.808783 	  0.2347833
84 	 43.42704 	 -0.59730123
85 	 44.24662 	  0.19230256
86 	 44.60798 	  0.73727078
87 	 45.407726 	  0.90730347
88 	 45.978461 	  0.98239888
89 	 46.389118 	  0.15756029
90 	 47.017541 	 -0.90412236
91 	 47.425735 	  0.55720096
92 	 48.028263 	 -0.94238331
93 	 48.500823 	 -0.43833644
94 	 48.956573 	 -0.80258362
95 	 49.575996 	  0.29749168
96 	 50.083343 	  0.26237878
97 	 50.67965 	  0.31447819
98 	 51.249565 	  0.75652325
99 	 51.072906 	  0.029246641
FUNCTION PROFILE: 
0 	 0.799819947175
1 	 0.930309196375
2 	 0.265148719092
3 	 0.146045657534
4 	 0.800857011767
5 	 0.8049714079
6 	 0.708793065316
7 	 0.60642991702
8 	 0.063316437409
9 	 0.399678222914
10 	 0.814257190308
11 	 0.239411993886
12 	 0.113346833637
13 	 0.801599823643
14 	 0.817712241095
15 	 0.164197923712
16 	 0.716763476141
17 	 0.690862046046
18 	 0.214396733808
19 	 0.20007371072
20 	 0.778083813637
21 	 0.15948027888
22 	 0.357713196369
23 	 0.301391993395
24 	 0.034570138614
25 	 0.723607195538
26 	 0.115740527359
27 	 0.560558834522
28 	 0.00066376719
29 	 0.9894338617
30 	 0.69967655572
31 	 0.046491039634
32 	 0.906952145366
33 	 0.299542789381
34 	 0.868316084137
35 	 0.665992933423
36 	 0.403232632068
37 	 0.979754232717
38 	 0.485922189672
39 	 0.587753431177
40 	 0.637900540305
41 	 0.01806856035
42 	 0.414620547111
43 	 0.291452596598
44 	 0.726427566617
45 	 0.079773640859
46 	 0.496457252703
47 	 0.821096056075
48 	 0.329384998127
49 	 0.043827829211
50 	 0.113993117914
51 	 0.296808048838
52 	 0.158585405964
53 	 0.131070328034
54 	 0.446075569701
55 	 0.698330161684
56 	 0.852049713927
57 	 0.456050248313
58 	 0.825452316097
59 	 0.372873130359
60 	 0.529931197531
61 	 0.603502537258
62 	 0.434186887109
63 	 0.95975835586
64 	 0.494612955786
65 	 0.227819661799
66 	 0.497147735155
67 	 0.600306980714
68 	 0.460122104147
69 	 0.066714962408
70 	 0.466000326918
71 	 0.673723716016
72 	 0.616514366668
73 	 0.776704476184
74 	 0.89120460779
75 	 0.259823228156
76 	 0.632243425604
77 	 0.981029581306
78 	 0.576119910981
79 	 0.051736171398
80 	 0.671426477366
81 	 0.01717585172
82 	 0.347165936199
83 	 0.359739404315
84 	 0.129585827004
85 	 0.572971658925
86 	 0.745940110253
87 	 0.106453868165
88 	 0.147026542297
89 	 0.081371658877
90 	 0.649294766544
91 	 0.475620986241
92 	 0.42585681785
93 	 0.555024351104
94 	 0.347723211847
95 	 0.07073046047
96 	 0.507186422576
97 	 0.535602070796
98 	 0.016054368338
99 	 0.55088594895
# END OF FILE #