PROBLEM_NAME: RAP-NC-L_0500.txt
PROBLEM_TYPE: UB
NB_RESOURCES: 500
LINEAR_TERM: 164.779
BOUNDS SECTION: INDEX 	 UB 	 LINEAR_TERM
0 	 0.64908179 	 -0.78112322
1 	 0.81844344 	  0.63329902
2 	 1.3238033 	 -0.68202681
3 	 2.0328633 	  0.489721
4 	 2.4758033 	  0.051359405
5 	 2.9164974 	 -0.91736431
6 	 3.5320295 	  0.1731228
7 	 4.2588943 	  0.19130155
8 	 4.9127552 	  0.6318978
9 	 5.4708044 	 -0.91978311
10 	 5.8836672 	  0.93705032
11 	 6.2362656 	  0.64508112
12 	 6.794949 	  0.35799557
13 	 7.4644653 	 -0.43600717
14 	 7.960762 	  0.57985757
15 	 8.3476158 	  0.4069008
16 	 8.8155138 	  0.25595783
17 	 9.4124188 	 -0.32611479
18 	 9.7978496 	  0.80850516
19 	 10.217636 	  0.2106421
20 	 10.767325 	 -0.50511719
21 	 11.364774 	  0.56770916
22 	 11.56295 	 -0.97465463
23 	 11.97744 	  0.69074236
24 	 12.614548 	 -0.80058769
25 	 13.19782 	  0.19634184
26 	 13.586364 	  0.6250011
27 	 14.146088 	  0.40036606
28 	 14.44246 	  0.89978549
29 	 14.806043 	 -0.38390469
30 	 15.107035 	 -0.33645812
31 	 15.46867 	  0.128039
32 	 16.071174 	 -0.403236
33 	 16.487937 	 -0.55544649
34 	 16.93803 	 -0.33108923
35 	 17.43414 	  0.84366305
36 	 18.219149 	 -0.30798367
37 	 18.8749 	 -0.82859241
38 	 19.4064 	  0.81878506
39 	 19.878936 	 -0.32675172
40 	 20.34086 	 -0.41081591
41 	 20.840221 	  0.83073014
42 	 21.57048 	  0.47851233
43 	 22.265426 	 -0.96671494
44 	 22.699266 	  0.046851031
45 	 23.502739 	 -0.51191582
46 	 23.994122 	 -0.71773843
47 	 24.418865 	  0.22246803
48 	 24.986049 	  0.649268
49 	 25.314078 	  0.84801917
50 	 25.804297 	 -0.40202204
51 	 26.191681 	 -0.035643186
52 	 26.640851 	  0.3438695
53 	 27.196268 	 -0.10963545
54 	 27.622312 	  0.71386582
55 	 28.274277 	  0.98382633
56 	 28.701264 	 -0.16199904
57 	 29.569685 	  0.15466252
58 	 29.800754 	 -0.26124307
59 	 30.01886 	  0.98144519
60 	 30.532924 	 -0.628133
61 	 31.003301 	 -0.84094487
62 	 31.457578 	  0.74169479
63 	 31.74032 	  0.7469219
64 	 32.076064 	  0.28681257
65 	 32.505091 	  0.87105975
66 	 33.204325 	  0.11435943
67 	 33.937539 	 -0.22792978
68 	 34.681393 	  0.5856809
69 	 35.334205 	 -0.32254249
70 	 35.794667 	  0.2482338
71 	 36.299464 	  0.073348219
72 	 36.811825 	 -0.22973164
73 	 37.135598 	 -0.56555361
74 	 37.64941 	  0.52235548
75 	 37.923 	  0.72643196
76 	 38.626275 	  0.89514305
77 	 39.251451 	 -0.47916079
78 	 39.790794 	 -0.3244975
79 	 40.378048 	  0.94887869
80 	 40.831648 	  0.26692498
81 	 41.338705 	  0.19330396
82 	 41.783648 	 -0.74963941
83 	 42.302263 	  0.00084807169
84 	 42.732258 	  0.25675791
85 	 43.102856 	 -0.76350885
86 	 43.61128 	  0.63569247
87 	 44.051591 	 -0.77296339
88 	 44.500548 	  0.55157069
89 	 44.848554 	  0.45838359
90 	 45.166315 	  0.91765317
91 	 45.438948 	 -0.68629526
92 	 46.028752 	  0.63090556
93 	 46.819637 	 -0.15977268
94 	 47.352345 	 -0.88749345
95 	 47.580001 	 -0.20043738
96 	 47.834492 	 -0.2737686
97 	 48.373731 	  0.86817119
98 	 48.923318 	 -0.23679478
99 	 49.45165 	 -0.074788974
100 	 49.860057 	 -0.68974867
101 	 50.459581 	 -0.93809805
102 	 50.798695 	  0.84500546
103 	 51.32635 	 -0.14568356
104 	 51.90734 	  0.5794
105 	 52.080584 	 -0.24794167
106 	 52.453903 	 -0.51768374
107 	 53.119131 	 -0.16760662
108 	 53.520565 	 -0.8273267
109 	 54.043911 	 -0.56414101
110 	 54.764693 	  0.83888935
111 	 55.288334 	 -0.14672136
112 	 55.828558 	  0.22784013
113 	 56.305415 	  0.40688865
114 	 56.662269 	 -0.73339952
115 	 56.811122 	 -0.78535814
116 	 57.135396 	 -0.05304807
117 	 57.531776 	 -0.24507343
118 	 57.846374 	  0.46569862
119 	 58.55249 	 -0.63868611
120 	 59.028157 	  0.42472723
121 	 59.328709 	 -0.66751703
122 	 59.963907 	 -0.91592637
123 	 60.393623 	 -0.77399509
124 	 60.808548 	 -0.30852511
125 	 61.659044 	 -0.73877591
126 	 62.012359 	  0.066733341
127 	 62.385727 	  0.050537117
128 	 62.833209 	 -0.73319224
129 	 63.366201 	  0.80680725
130 	 63.834862 	  0.069306713
131 	 64.492623 	  0.55164648
132 	 65.152286 	 -0.29881405
133 	 65.7076 	  0.47311697
134 	 66.281103 	  0.98183868
135 	 66.814419 	 -0.63772658
136 	 67.123947 	 -0.87294317
137 	 67.902263 	  0.87314027
138 	 68.337423 	  0.030922064
139 	 68.89582 	  0.94569509
140 	 69.371325 	 -0.84864689
141 	 69.850756 	 -0.91069987
142 	 70.433325 	 -0.18233437
143 	 70.834004 	  0.78501374
144 	 71.599855 	  0.83216098
145 	 71.923964 	  0.023364141
146 	 72.345444 	  0.13640042
147 	 72.677968 	  0.066188534
148 	 73.267312 	 -0.38520405
149 	 73.715366 	  0.77430937
150 	 74.19938 	  0.99818356
151 	 74.666352 	 -0.68946601
152 	 75.394268 	 -0.19524325
153 	 75.872264 	 -0.27542706
154 	 76.37675 	 -0.21509839
155 	 76.911375 	  0.27653736
156 	 77.3314 	 -0.42919303
157 	 77.826812 	 -0.074956211
158 	 78.525753 	 -0.17632776
159 	 78.849103 	  0.18061735
160 	 79.321588 	  0.66449803
161 	 79.997899 	  0.13193635
162 	 80.607029 	  0.14643269
163 	 81.248838 	 -0.70045031
164 	 81.685528 	  0.91784279
165 	 82.034229 	  0.098574614
166 	 82.555908 	 -0.85842185
167 	 83.038753 	 -0.96280105
168 	 83.505336 	 -0.11808785
169 	 84.162622 	  0.58034243
170 	 84.789816 	 -0.97923167
171 	 85.201477 	 -0.40854755
172 	 86.05304 	  0.50039688
173 	 86.721513 	 -0.079755751
174 	 87.091688 	 -0.46213927
175 	 87.601266 	 -0.22659617
176 	 87.820304 	 -0.32026558
177 	 88.24153 	 -0.84456399
178 	 88.654816 	  0.80995953
179 	 89.383935 	  0.90085088
180 	 90.03511 	  0.55155194
181 	 90.742888 	 -0.26490153
182 	 91.271688 	  0.58924457
183 	 91.531372 	 -0.58605698
184 	 92.13006 	 -0.52255885
185 	 92.596056 	  0.076594803
186 	 93.193947 	 -0.049685319
187 	 93.681942 	  0.053372699
188 	 94.23057 	 -0.37991376
189 	 94.476841 	 -0.45124114
190 	 94.893667 	  0.25551477
191 	 95.247046 	 -0.33218449
192 	 95.737837 	  0.5371731
193 	 96.150417 	 -0.90911906
194 	 96.459819 	 -0.89027533
195 	 96.713462 	 -0.094813597
196 	 97.198481 	  0.5577926
197 	 97.721243 	  0.6786428
198 	 97.971434 	  0.63836655
199 	 98.672816 	 -0.5907659
200 	 99.036106 	 -0.82296016
201 	 99.922301 	  0.66948343
202 	 100.37114 	 -0.68938912
203 	 100.75224 	 -0.93218316
204 	 101.26129 	  0.74767119
205 	 101.8718 	 -0.63090029
206 	 102.44176 	  0.83958875
207 	 102.79336 	 -0.86601848
208 	 103.32492 	  0.62183321
209 	 104.11415 	 -0.052231297
210 	 104.82309 	 -0.40652044
211 	 105.24311 	 -0.70482413
212 	 106.02013 	  0.15907961
213 	 106.52389 	  0.062219943
214 	 107.03438 	 -0.50328427
215 	 107.67172 	 -0.9978711
216 	 108.27438 	  0.46701326
217 	 108.76352 	 -0.14167203
218 	 109.11173 	 -0.54259479
219 	 109.53253 	 -0.28041035
220 	 109.98519 	 -0.72128637
221 	 110.30213 	  0.97818392
222 	 110.65329 	  0.61564617
223 	 111.26036 	  0.47811614
224 	 111.74588 	 -0.36459784
225 	 112.17376 	  0.69962465
226 	 112.60021 	 -0.81788353
227 	 113.19219 	  0.56284335
228 	 113.6573 	  0.50635938
229 	 114.07112 	 -0.83450915
230 	 114.50243 	 -0.7098466
231 	 114.78386 	  0.1400127
232 	 115.29563 	  0.87313705
233 	 115.54085 	 -0.8083723
234 	 115.76927 	 -0.74894551
235 	 116.09553 	 -0.17926139
236 	 116.55829 	 -0.31595545
237 	 117.10231 	  0.37641759
238 	 117.83077 	  0.12124065
239 	 118.33381 	  0.24014263
240 	 118.96433 	  0.60423706
241 	 119.28089 	 -0.63840672
242 	 119.71389 	 -0.11080515
243 	 120.51177 	 -0.915212
244 	 120.92795 	  0.23120838
245 	 121.50839 	 -0.32175917
246 	 121.63543 	 -0.39257656
247 	 122.18176 	 -0.85914757
248 	 122.85462 	 -0.40939371
249 	 123.33964 	  0.97094057
250 	 124.02042 	 -0.052079533
251 	 124.36266 	 -0.6168799
252 	 125.02498 	  0.51448646
253 	 125.5438 	 -0.29674827
254 	 125.96278 	  0.47271159
255 	 126.39462 	  0.88423008
256 	 126.63455 	 -0.37703089
257 	 127.21704 	  0.068522533
258 	 127.63366 	  0.49633688
259 	 128.22453 	 -0.8207438
260 	 128.91729 	 -0.018404396
261 	 129.12641 	  0.79789286
262 	 129.60676 	 -0.41369285
263 	 130.04197 	  0.524152
264 	 130.63837 	  0.357032
265 	 130.79972 	 -0.41173299
266 	 131.19584 	  0.088602858
267 	 131.77178 	 -0.25571775
268 	 132.22433 	  0.40807277
269 	 132.7957 	 -0.77713742
270 	 133.33412 	  0.56942173
271 	 133.8201 	 -0.63978033
272 	 134.63395 	 -0.076347665
273 	 134.98095 	  0.37540021
274 	 135.2361 	  0.78161949
275 	 135.46177 	 -0.19244341
276 	 136.11145 	  0.80202729
277 	 136.29663 	  0.20531627
278 	 136.83997 	 -0.84496497
279 	 137.32055 	  0.05186475
280 	 137.67753 	 -0.58625213
281 	 138.06278 	 -0.24613589
282 	 138.53007 	 -0.780555
283 	 139.32407 	  0.82812946
284 	 139.82769 	 -0.54602604
285 	 140.37615 	  0.51168947
286 	 140.92449 	  0.9018996
287 	 141.52075 	  0.50900168
288 	 141.9832 	  0.58499704
289 	 142.45376 	  0.14288434
290 	 142.91127 	 -0.48797839
291 	 143.41031 	  0.012711379
292 	 143.81413 	  0.37175562
293 	 144.30402 	  0.43392906
294 	 144.5507 	  0.94791964
295 	 145.31615 	  0.74238932
296 	 145.90336 	  0.9162059
297 	 146.48208 	  0.8596969
298 	 146.9602 	 -0.29485601
299 	 147.62379 	  0.048620817
300 	 147.90267 	 -0.82440444
301 	 148.24581 	  0.22652831
302 	 148.80457 	 -0.92360846
303 	 149.16922 	  0.94285825
304 	 149.89639 	 -0.84311254
305 	 150.57042 	 -0.79611228
306 	 150.81563 	 -0.3536877
307 	 151.22211 	 -0.43615581
308 	 151.70986 	  0.55326426
309 	 152.18629 	 -0.46143519
310 	 152.421 	 -0.28626057
311 	 152.97201 	  0.76796299
312 	 153.42527 	 -0.54349337
313 	 153.68353 	  0.49550197
314 	 154.31072 	 -0.3867702
315 	 154.88705 	  0.29437736
316 	 155.24884 	  0.47312185
317 	 155.53194 	 -0.9632304
318 	 155.95051 	  0.36460814
319 	 156.49443 	 -0.87007042
320 	 156.84767 	  0.73825855
321 	 157.11342 	 -0.1601391
322 	 157.38058 	 -0.89822403
323 	 158.10109 	  0.046534775
324 	 158.75767 	  0.44980531
325 	 159.26811 	  0.096538448
326 	 159.96105 	  0.78134119
327 	 160.46988 	 -0.8014286
328 	 161.06612 	  0.6108271
329 	 161.55851 	  0.71693648
330 	 161.90579 	  0.077958196
331 	 162.45095 	  0.93059474
332 	 162.88405 	 -0.60540008
333 	 163.51218 	  0.81140761
334 	 163.99419 	 -0.37962649
335 	 164.77223 	 -0.28318308
336 	 165.16992 	  0.43575707
337 	 165.47406 	 -0.1362865
338 	 165.99212 	 -0.3038927
339 	 166.61482 	  0.91091124
340 	 167.17611 	  0.89933125
341 	 167.60606 	  0.082416742
342 	 168.00553 	 -0.96982458
343 	 168.61536 	 -0.65584154
344 	 169.18011 	 -0.80271464
345 	 169.67327 	  0.046729921
346 	 170.23721 	  0.31745606
347 	 170.97571 	 -0.10501437
348 	 171.45442 	  0.98230809
349 	 171.98732 	 -0.65455889
350 	 172.34975 	  0.023944276
351 	 172.80286 	 -0.97587922
352 	 173.42379 	  0.8387897
353 	 173.84543 	 -0.67608017
354 	 174.1974 	  0.8210222
355 	 175.0107 	 -0.80407778
356 	 175.43323 	 -0.86884193
357 	 175.90431 	 -0.40991235
358 	 176.4044 	 -0.98276595
359 	 177.0914 	 -0.40393429
360 	 177.71491 	  0.80441922
361 	 178.33528 	 -0.76557565
362 	 178.80085 	  0.98104582
363 	 179.03738 	  0.32789806
364 	 179.46224 	 -0.10572379
365 	 179.80822 	  0.91325797
366 	 180.36693 	  0.25670753
367 	 180.76448 	 -0.68509961
368 	 181.53266 	  0.46448601
369 	 182.04378 	  0.96853897
370 	 182.58261 	  0.38531694
371 	 183.26889 	  0.50089774
372 	 183.7105 	  0.70626096
373 	 184.33928 	 -0.55081211
374 	 184.77724 	  0.9921598
375 	 185.12193 	 -0.80313034
376 	 185.72122 	 -0.95834126
377 	 186.23366 	  0.52331333
378 	 186.73875 	  0.22477347
379 	 187.16656 	  0.64801972
380 	 187.83312 	  0.8081953
381 	 188.18178 	  0.70013978
382 	 188.44017 	 -0.82252698
383 	 188.91787 	  0.34094916
384 	 189.6188 	  0.94482354
385 	 190.1567 	  0.64119007
386 	 190.93658 	  0.90299343
387 	 191.69399 	  0.77370845
388 	 192.18368 	  0.48302096
389 	 192.70934 	 -0.14372893
390 	 193.14964 	 -0.86277782
391 	 193.40341 	  0.7023944
392 	 193.64619 	  0.61651997
393 	 194.09822 	 -0.87917344
394 	 194.63973 	 -0.072882009
395 	 195.17135 	  0.033926503
396 	 195.72197 	 -0.36345712
397 	 196.23029 	  0.39672067
398 	 196.7166 	  0.046113892
399 	 196.95573 	  0.037846033
400 	 197.234 	 -0.9804464
401 	 197.94704 	 -0.20964365
402 	 198.43832 	 -0.58558449
403 	 199.09603 	  0.45918573
404 	 199.79328 	  0.96602621
405 	 200.43605 	  0.83221895
406 	 200.71001 	  0.59468587
407 	 201.01465 	 -0.38715811
408 	 201.23604 	 -0.27393277
409 	 201.81105 	  0.4257204
410 	 202.53031 	 -0.24218968
411 	 203.09727 	  0.87316819
412 	 203.76073 	 -0.3452247
413 	 204.3588 	 -0.23151541
414 	 204.8151 	  0.033333854
415 	 205.32181 	  0.59009884
416 	 205.64281 	 -0.93222565
417 	 205.9578 	 -0.52541735
418 	 206.42626 	  0.24015084
419 	 206.89378 	 -0.26882514
420 	 207.33978 	  0.48360184
421 	 207.68012 	  0.32067587
422 	 207.92631 	 -0.80576401
423 	 208.33694 	 -0.31860303
424 	 208.72124 	 -0.91409585
425 	 209.25845 	  0.39336828
426 	 209.73274 	 -0.17145842
427 	 210.49058 	 -0.038638642
428 	 210.99015 	  0.55660817
429 	 211.12111 	 -0.17647814
430 	 211.69204 	 -0.80283008
431 	 212.28164 	 -0.76629725
432 	 212.70788 	 -0.93473168
433 	 213.26789 	 -0.97675015
434 	 213.88832 	 -0.98478639
435 	 214.43797 	 -0.26322045
436 	 214.75988 	  0.46070933
437 	 215.15052 	  0.26159386
438 	 215.61745 	 -0.45100033
439 	 216.13583 	 -0.72064067
440 	 216.77599 	  0.038700427
441 	 217.33075 	  0.3115707
442 	 217.66865 	  0.95349641
443 	 218.2425 	 -0.51319095
444 	 218.66933 	  0.1608973
445 	 219.08353 	  0.10842599
446 	 219.67031 	  0.81724097
447 	 220.20074 	 -0.44336715
448 	 220.76256 	 -0.070081775
449 	 221.46493 	 -0.6604458
450 	 221.74893 	 -0.66814792
451 	 222.0449 	 -0.37735333
452 	 222.53828 	 -0.46792389
453 	 223.08135 	 -0.94649259
454 	 223.42261 	  0.41150807
455 	 224.14853 	  0.83521651
456 	 224.78767 	  0.57911518
457 	 225.2551 	 -0.75784897
458 	 225.87677 	  0.10260204
459 	 226.44288 	 -0.45866232
460 	 227.00556 	 -0.24771146
461 	 227.57997 	 -0.22034592
462 	 228.0305 	  0.50855432
463 	 228.55726 	 -0.86080307
464 	 229.1644 	 -0.17770026
465 	 229.691 	  0.2028509
466 	 230.15167 	 -0.029540633
467 	 230.47975 	  0.44042464
468 	 230.73274 	  0.41014675
469 	 231.30658 	 -0.52074541
470 	 231.74245 	 -0.0095874797
471 	 232.16952 	  0.6236256
472 	 232.68172 	 -0.86456453
473 	 233.42073 	 -0.6381042
474 	 233.77451 	  0.24163622
475 	 234.37235 	  0.58963606
476 	 235.05637 	  0.32475297
477 	 235.44624 	 -0.45064507
478 	 236.19906 	  0.33261325
479 	 236.80476 	  0.95907054
480 	 236.99232 	  0.20467019
481 	 237.46444 	 -0.84289314
482 	 238.11844 	  0.63090191
483 	 238.54055 	  0.91765386
484 	 239.00614 	 -0.38681115
485 	 239.26089 	 -0.48758561
486 	 239.75066 	 -0.033109786
487 	 240.34375 	 -0.73567074
488 	 240.84273 	  0.65126164
489 	 241.28269 	  0.21386609
490 	 241.72884 	  0.53591623
491 	 242.21611 	 -0.097664815
492 	 242.71326 	 -0.75781222
493 	 243.35436 	  0.16231918
494 	 243.90297 	  0.64374618
495 	 244.35838 	 -0.16844945
496 	 244.92971 	  0.94823317
497 	 245.37019 	 -0.50912913
498 	 245.6978 	 -0.44891111
499 	 245.11261 	  0.36413996
FUNCTION PROFILE: 
0 	 0.526420156309
1 	 0.8211887306
2 	 0.750827303188
3 	 0.768130663281
4 	 0.864192592723
5 	 0.787619803493
6 	 0.182927482569
7 	 0.234024569498
8 	 0.825146649692
9 	 0.425651992438
10 	 0.361352220703
11 	 0.06014659697
12 	 0.264104677969
13 	 0.085377338833
14 	 0.161590419006
15 	 0.495438492488
16 	 0.894161341215
17 	 0.002134341498
18 	 0.391164307725
19 	 0.523497691197
20 	 0.178554910354
21 	 0.699468921007
22 	 0.707818255036
23 	 0.342375868647
24 	 0.320077290651
25 	 0.305003902977
26 	 0.918098278075
27 	 0.908263115684
28 	 0.968886723841
29 	 0.475771320661
30 	 0.018075770637
31 	 0.616357760905
32 	 0.922126516357
33 	 0.548849305123
34 	 0.356096175521
35 	 0.544369757929
36 	 0.056191532073
37 	 0.252926162816
38 	 0.018200761567
39 	 0.668005238104
40 	 0.502381288985
41 	 0.271921890982
42 	 0.207816473952
43 	 0.201010282651
44 	 0.491737814717
45 	 0.450165299281
46 	 0.210768751289
47 	 0.546018114298
48 	 0.144753850646
49 	 0.459269919015
50 	 0.984227852245
51 	 0.062192002407
52 	 0.452405086519
53 	 0.298595361765
54 	 0.79500712598
55 	 0.620530480407
56 	 0.280037240898
57 	 0.567276883753
58 	 0.925200198779
59 	 0.31220376999
60 	 0.01160365873
61 	 0.054792589757
62 	 0.466279551896
63 	 0.047561848248
64 	 0.400163865719
65 	 0.791748633885
66 	 0.472724487625
67 	 0.47341615671
68 	 0.080639703255
69 	 0.714497570743
70 	 0.529581020477
71 	 0.704976844205
72 	 0.373821670983
73 	 0.322108368132
74 	 0.181939139609
75 	 0.211267796266
76 	 0.351005256916
77 	 0.713356051304
78 	 0.705198132139
79 	 0.284727115319
80 	 0.19192103554
81 	 0.045535585966
82 	 0.162697659965
83 	 0.328266623708
84 	 0.384194179889
85 	 0.894400683054
86 	 0.625765752175
87 	 0.70193046055
88 	 0.222405245183
89 	 0.328080041026
90 	 0.145905867563
91 	 0.438694278205
92 	 0.853595989416
93 	 0.102680798547
94 	 0.521129240149
95 	 0.409651894626
96 	 0.591641742682
97 	 0.622410591795
98 	 0.928720159122
99 	 0.054024919148
100 	 0.66867836338
101 	 0.447564068457
102 	 0.982788753525
103 	 0.310317689784
104 	 0.573903522183
105 	 0.327343933002
106 	 0.80620634789
107 	 0.215149955806
108 	 0.632675994078
109 	 0.435750641339
110 	 0.866019576505
111 	 0.745981282497
112 	 0.777400786019
113 	 0.635087936071
114 	 0.504691013564
115 	 0.350490783986
116 	 0.822437880737
117 	 0.85186383739
118 	 0.601158674152
119 	 0.370267280116
120 	 0.939382006926
121 	 0.381708181969
122 	 0.142081611304
123 	 0.126451904496
124 	 0.005069114733
125 	 0.702294340034
126 	 0.173140981994
127 	 0.878749889058
128 	 0.447287082666
129 	 0.044490914158
130 	 0.189456447665
131 	 0.477422340786
132 	 0.287768764786
133 	 0.941562456593
134 	 0.567749481271
135 	 0.093189699241
136 	 0.013742072396
137 	 0.655679026919
138 	 0.09855352349
139 	 0.038698935944
140 	 0.167870545312
141 	 0.552704766401
142 	 0.054825150049
143 	 0.886015560478
144 	 0.309942450837
145 	 0.557705669591
146 	 0.735885034854
147 	 0.070235972705
148 	 0.423818293479
149 	 0.924302123702
150 	 0.936604500842
151 	 0.854291458743
152 	 0.271304427983
153 	 0.301420325331
154 	 0.997352514805
155 	 0.697412938036
156 	 0.507488363479
157 	 0.834118073765
158 	 0.184806471257
159 	 0.988821038504
160 	 0.931132916455
161 	 0.646024530718
162 	 0.07167701626
163 	 0.848385978192
164 	 0.338383038503
165 	 0.068142867244
166 	 0.537227473493
167 	 0.655237753722
168 	 0.221397862123
169 	 0.240930738986
170 	 0.244683092899
171 	 0.003965151482
172 	 0.876328635695
173 	 0.366902529172
174 	 0.866457677281
175 	 0.130710799613
176 	 0.769702438576
177 	 0.196424482688
178 	 0.918787624528
179 	 0.333121844632
180 	 0.104311507429
181 	 0.943327290157
182 	 0.508201679873
183 	 0.576831561273
184 	 0.336375203286
185 	 0.399140521622
186 	 0.672909751941
187 	 0.752134326986
188 	 0.57027393516
189 	 0.09388630371
190 	 0.222089292977
191 	 0.271873388294
192 	 0.281739722806
193 	 0.113549258389
194 	 0.759141816162
195 	 0.349660340285
196 	 0.794440188428
197 	 0.282241986289
198 	 0.205654381723
199 	 0.124075970344
200 	 0.332340394021
201 	 0.908552790467
202 	 0.607860232333
203 	 0.650372282273
204 	 0.64999831537
205 	 0.347195420513
206 	 0.651502586603
207 	 0.945891353982
208 	 0.074559256368
209 	 0.550162757564
210 	 0.801285377158
211 	 0.503954261815
212 	 0.581739229802
213 	 0.540079298142
214 	 0.436658874583
215 	 0.198635590296
216 	 0.978385714953
217 	 0.994474471692
218 	 0.962910538302
219 	 0.541501488303
220 	 0.281290197305
221 	 0.445898625996
222 	 0.260761170766
223 	 0.931513748984
224 	 0.643725251452
225 	 0.086046513951
226 	 0.33708022125
227 	 0.293548978682
228 	 0.445036827356
229 	 0.683807841069
230 	 0.543940858649
231 	 0.108077845817
232 	 0.371239955621
233 	 0.662206336637
234 	 0.636656833967
235 	 0.61982664531
236 	 0.612898377366
237 	 0.14414780121
238 	 0.818126965687
239 	 0.467832056832
240 	 0.424268706237
241 	 0.445992467074
242 	 0.487178041582
243 	 0.907056516811
244 	 0.109362953942
245 	 0.828360699307
246 	 0.545995008203
247 	 0.34438883375
248 	 0.175549231408
249 	 0.485569089566
250 	 0.70869751631
251 	 0.815169782304
252 	 0.164171449863
253 	 0.770421580427
254 	 0.533941230071
255 	 0.817291717934
256 	 0.905561302139
257 	 0.842043880585
258 	 0.28608698196
259 	 0.697080279789
260 	 0.573102116653
261 	 0.62929207303
262 	 0.720248716989
263 	 0.724731055757
264 	 0.96710787015
265 	 0.069291455903
266 	 0.19058308798
267 	 0.314334532151
268 	 0.620122625942
269 	 0.827397678506
270 	 0.281522964946
271 	 0.534087103997
272 	 0.39106722827
273 	 0.521111227403
274 	 0.942325865053
275 	 0.367094447394
276 	 0.733189175709
277 	 0.185018487232
278 	 0.994217701309
279 	 0.555168670875
280 	 0.76577916862
281 	 0.436774767597
282 	 0.644909220225
283 	 0.055865158118
284 	 0.980347026422
285 	 0.252133228796
286 	 0.204537534937
287 	 0.554720264985
288 	 0.164697557094
289 	 0.871955202518
290 	 0.050045590508
291 	 0.797097382388
292 	 0.065157623564
293 	 0.024196146752
294 	 0.187513664755
295 	 0.151339884913
296 	 0.906159416285
297 	 0.537079274472
298 	 0.138796009766
299 	 0.786749096546
300 	 0.445970153011
301 	 0.004545038495
302 	 0.692934212398
303 	 0.757097018305
304 	 0.409682304207
305 	 0.525195274739
306 	 0.136537569222
307 	 0.674996793007
308 	 0.404391847443
309 	 0.809598971308
310 	 0.519149531508
311 	 0.654152407601
312 	 0.400824872172
313 	 0.461833375335
314 	 0.548207050846
315 	 0.364908699489
316 	 0.278866581098
317 	 0.331565178986
318 	 0.880951965799
319 	 0.359659494764
320 	 0.257684564786
321 	 0.062640222812
322 	 0.702071083319
323 	 0.809319372655
324 	 0.121780574695
325 	 0.385935164275
326 	 0.088648040208
327 	 0.449462637063
328 	 0.376694812913
329 	 0.004305855159
330 	 0.374327263708
331 	 0.082671624807
332 	 0.76382590396
333 	 0.037840622465
334 	 0.703305249619
335 	 0.552601321318
336 	 0.188443102444
337 	 0.228892957491
338 	 0.076967454575
339 	 0.526989696912
340 	 0.84005809448
341 	 0.363099069032
342 	 0.826173497051
343 	 0.845565812444
344 	 0.556284915859
345 	 0.808848652797
346 	 0.345992334696
347 	 0.408121705081
348 	 0.365641428362
349 	 0.862412458632
350 	 0.988727431809
351 	 0.389237163645
352 	 0.630413354847
353 	 0.041108326041
354 	 0.850102549423
355 	 0.664577966451
356 	 0.061265203878
357 	 0.001062762158
358 	 0.014223500542
359 	 0.019695188636
360 	 0.692045021342
361 	 0.910244666975
362 	 0.244786303619
363 	 0.387661650549
364 	 0.27973577909
365 	 0.40246182428
366 	 0.075420193538
367 	 0.305607704747
368 	 0.307076381653
369 	 0.912075960051
370 	 0.447476645773
371 	 0.210758746283
372 	 0.602929895301
373 	 0.925274475769
374 	 0.526146939893
375 	 0.981101630364
376 	 0.627661074207
377 	 0.241462699
378 	 0.417000136725
379 	 0.279936970636
380 	 0.678172932515
381 	 0.471077172202
382 	 0.182924837971
383 	 0.443162313069
384 	 0.272082306748
385 	 0.437456841453
386 	 0.353559843087
387 	 0.705676226022
388 	 0.838476463555
389 	 0.054360174792
390 	 0.884511290097
391 	 0.674460296573
392 	 0.760262394986
393 	 0.723594630907
394 	 0.507815465886
395 	 0.555390645669
396 	 0.521174377168
397 	 0.573928259587
398 	 0.453902639139
399 	 0.11125515866
400 	 0.757573565993
401 	 0.432541167145
402 	 0.470091599241
403 	 0.811910490496
404 	 0.975476221441
405 	 0.207665613519
406 	 0.4754872586
407 	 0.563771798956
408 	 0.725630791489
409 	 0.619803453956
410 	 0.793370087916
411 	 0.508090861495
412 	 0.201595874286
413 	 0.304480676028
414 	 0.72074644771
415 	 0.739427721781
416 	 0.786886952573
417 	 0.528434502887
418 	 0.264563030904
419 	 0.002927513337
420 	 0.870313763821
421 	 0.206813464757
422 	 0.249840498313
423 	 0.507171949621
424 	 0.492230589454
425 	 0.460841737293
426 	 0.630243728324
427 	 0.571281119532
428 	 0.117183258067
429 	 0.707896834347
430 	 0.845957791641
431 	 0.524585166821
432 	 0.874438993827
433 	 0.725880111622
434 	 0.461311094462
435 	 0.877201568047
436 	 0.118946733177
437 	 0.145221857642
438 	 0.113936786241
439 	 0.978373371353
440 	 0.06943479165
441 	 0.374259878583
442 	 0.170877664133
443 	 0.714770043363
444 	 0.668527918731
445 	 0.394933204254
446 	 0.047244285483
447 	 0.952422689703
448 	 0.352137169516
449 	 0.208855252547
450 	 0.317142059402
451 	 0.229610796976
452 	 0.57716861423
453 	 0.057118853036
454 	 0.420426591282
455 	 0.56145188466
456 	 0.944566969354
457 	 0.853716142332
458 	 0.405845647324
459 	 0.922690739215
460 	 0.276977179197
461 	 0.417836183031
462 	 0.886098974979
463 	 0.248695607379
464 	 0.167342010482
465 	 0.818046623048
466 	 0.474770492976
467 	 0.654651293144
468 	 0.648466601601
469 	 0.310692783918
470 	 0.907507246202
471 	 0.306533603667
472 	 0.451958608683
473 	 0.10944859742
474 	 0.202911975309
475 	 0.473476841024
476 	 0.807955978433
477 	 0.224803205973
478 	 0.692247882998
479 	 0.220259840108
480 	 0.329279652656
481 	 0.677284432674
482 	 0.613554733149
483 	 0.319852208944
484 	 0.084325744607
485 	 0.770161552554
486 	 0.464951686312
487 	 0.615440092852
488 	 0.696639501491
489 	 0.732235569054
490 	 0.772551109512
491 	 0.862359293349
492 	 0.117888409624
493 	 0.484502245501
494 	 0.098161095215
495 	 0.876923823636
496 	 0.069182726945
497 	 0.403222815304
498 	 0.351248149595
499 	 0.358458658958
# END OF FILE #