PROBLEM_NAME: RAP-NC-L_0606.txt
PROBLEM_TYPE: UB
NB_RESOURCES: 1000
LINEAR_TERM: 472.103
BOUNDS SECTION: INDEX 	 UB 	 LINEAR_TERM
0 	 0.77944562 	  0.21581728
1 	 1.1820147 	  0.86412868
2 	 1.6241827 	 -0.006279246
3 	 2.2398867 	  0.54744865
4 	 2.62763 	  0.25424205
5 	 3.2324418 	  0.61436453
6 	 4.001862 	  0.062323194
7 	 4.5839774 	 -0.92346453
8 	 4.886945 	 -0.97344903
9 	 5.4825083 	 -0.28310518
10 	 5.7671827 	  0.17321439
11 	 6.5136823 	 -0.027964412
12 	 7.0347807 	  0.97802513
13 	 7.5393083 	 -0.48179518
14 	 8.0660995 	 -0.63937417
15 	 8.5935608 	  0.85738417
16 	 9.0844303 	 -0.67888492
17 	 9.660865 	  0.58661397
18 	 10.009077 	  0.096161876
19 	 10.688378 	  0.67622601
20 	 11.192956 	  0.25997242
21 	 11.578897 	 -0.70292805
22 	 12.216707 	 -0.56567671
23 	 12.535791 	  0.1242981
24 	 12.97461 	  0.71844934
25 	 13.428545 	  0.21764862
26 	 13.822954 	  0.9971821
27 	 14.225644 	 -0.62630526
28 	 14.628491 	 -0.15168645
29 	 14.960476 	  0.89420846
30 	 15.278588 	  0.064836875
31 	 15.811138 	 -0.1199615
32 	 16.293662 	 -0.63681614
33 	 16.979283 	 -0.41814276
34 	 17.700835 	  0.49638179
35 	 18.212147 	 -0.3045421
36 	 18.693831 	 -0.23299522
37 	 18.983449 	 -0.79861287
38 	 19.439463 	  0.45047695
39 	 20.107665 	 -0.028964327
40 	 20.56518 	  0.90525434
41 	 21.222831 	  0.51503782
42 	 21.829198 	  0.44677572
43 	 22.458726 	 -0.064581025
44 	 23.115368 	 -0.5018293
45 	 23.717365 	  0.20152208
46 	 24.338786 	  0.34842036
47 	 24.925732 	 -0.77871223
48 	 25.07871 	  0.83301389
49 	 25.619429 	  0.9256364
50 	 25.968835 	 -0.76001258
51 	 26.54076 	  0.2677141
52 	 26.871395 	  0.14371022
53 	 27.457819 	 -0.3431557
54 	 27.701958 	  0.21372555
55 	 28.218318 	  0.16241276
56 	 28.753187 	  0.98191327
57 	 29.339984 	 -0.96842401
58 	 29.737115 	 -0.77764518
59 	 30.16093 	  0.80789058
60 	 30.700404 	 -0.013316638
61 	 31.456614 	 -0.064877898
62 	 31.916907 	 -0.97220034
63 	 32.526747 	  0.26702735
64 	 33.09845 	  0.075804091
65 	 33.458635 	  0.61340776
66 	 33.880933 	  0.80018796
67 	 34.450554 	 -0.09330044
68 	 34.70408 	  0.58428471
69 	 35.147611 	 -0.79294541
70 	 35.29373 	  0.13622316
71 	 35.789938 	  0.15722748
72 	 36.23578 	  0.61100886
73 	 36.97098 	  0.53866202
74 	 37.554787 	  0.21147867
75 	 38.187759 	  0.49993833
76 	 38.695208 	  0.80751869
77 	 39.030464 	  0.12361029
78 	 39.478615 	  0.36090567
79 	 40.324626 	 -0.84659335
80 	 40.769545 	  0.79733065
81 	 41.260612 	  0.810879
82 	 41.614463 	 -0.72117943
83 	 42.236415 	  0.11492469
84 	 42.83096 	  0.46972792
85 	 43.497684 	  0.21180266
86 	 43.842236 	  0.25986706
87 	 44.29862 	 -0.83234747
88 	 44.849614 	 -0.45782704
89 	 45.499295 	  0.6598722
90 	 46.075178 	 -0.60186566
91 	 46.819525 	  0.63478019
92 	 47.353554 	 -0.29506231
93 	 48.222187 	  0.9881576
94 	 48.671108 	  0.9195813
95 	 49.023807 	 -0.39848528
96 	 49.539233 	 -0.0098951453
97 	 49.994133 	 -0.19930647
98 	 50.461605 	 -0.75948323
99 	 51.068879 	  0.6371665
100 	 51.557534 	  0.41894865
101 	 52.179696 	 -0.15700402
102 	 52.943422 	 -0.22023657
103 	 53.616323 	 -0.0024120943
104 	 54.328501 	  0.056197123
105 	 54.987294 	 -0.45014848
106 	 55.59802 	 -0.45894007
107 	 56.123548 	 -0.17614307
108 	 56.650519 	  0.17510729
109 	 57.074295 	 -0.052291054
110 	 57.705442 	  0.33009528
111 	 58.170005 	  0.43996567
112 	 58.921952 	  0.62844667
113 	 59.255703 	 -0.15170637
114 	 59.841442 	 -0.1270724
115 	 60.546942 	 -0.85076885
116 	 60.948101 	  0.61749715
117 	 61.697116 	  0.85473226
118 	 62.148207 	 -0.84867873
119 	 62.861442 	  0.63838899
120 	 63.438979 	 -0.42742515
121 	 64.112568 	  0.22253892
122 	 64.879396 	  0.62386298
123 	 65.237483 	 -0.092861486
124 	 65.621283 	  0.46310401
125 	 66.161441 	 -0.51863296
126 	 66.741245 	 -0.68433515
127 	 67.449584 	 -0.28400374
128 	 68.040113 	 -0.74886629
129 	 68.666075 	  0.39927015
130 	 69.27148 	 -0.071905613
131 	 69.832514 	 -0.24383265
132 	 70.122482 	 -0.3453698
133 	 70.660231 	  0.6711046
134 	 71.19044 	 -0.50012909
135 	 71.344668 	 -0.31466358
136 	 71.794089 	 -0.24460054
137 	 72.297684 	  0.34388118
138 	 72.561873 	  0.53018738
139 	 73.122672 	  0.57633947
140 	 73.537049 	 -0.99307614
141 	 73.870465 	  0.49958069
142 	 74.415262 	  0.079239312
143 	 74.643007 	 -0.43134646
144 	 75.167372 	 -0.55599566
145 	 75.698019 	  0.33637697
146 	 76.22155 	 -0.94624369
147 	 76.596096 	 -0.94237887
148 	 77.229475 	  0.90632449
149 	 77.570323 	  0.91425609
150 	 78.307165 	 -0.11765605
151 	 78.785669 	  0.96346609
152 	 79.338529 	  0.99423124
153 	 79.767706 	  0.96173816
154 	 80.212898 	 -0.92333247
155 	 80.919841 	 -0.10770292
156 	 81.502558 	 -0.24429313
157 	 82.100417 	 -0.02904771
158 	 82.866853 	  0.18280997
159 	 83.387541 	 -0.59491981
160 	 83.847048 	 -0.52656728
161 	 84.036011 	 -0.45661655
162 	 84.51816 	  0.99240231
163 	 84.988195 	  0.067255127
164 	 85.764028 	  0.79456351
165 	 85.89803 	  0.99712097
166 	 86.482257 	  0.038199676
167 	 86.863005 	 -0.76213658
168 	 87.32028 	 -0.36329184
169 	 87.559862 	  0.51523316
170 	 88.040227 	 -0.80541384
171 	 88.431695 	 -0.81663573
172 	 89.086885 	 -0.33209413
173 	 89.698273 	 -0.26940533
174 	 90.156471 	 -0.89137208
175 	 90.538535 	  0.82719335
176 	 91.266696 	  0.76145027
177 	 91.852838 	  0.28420117
178 	 92.211256 	 -0.0022647687
179 	 92.725648 	 -0.75538411
180 	 92.8808 	  0.31207331
181 	 93.428596 	 -0.52375324
182 	 93.780801 	 -0.26514418
183 	 94.53538 	 -0.38538865
184 	 94.98364 	  0.93456228
185 	 95.486707 	 -0.46267498
186 	 95.915142 	  0.59430891
187 	 96.262887 	  0.34291205
188 	 96.616317 	  0.84217259
189 	 97.156951 	 -0.35770987
190 	 97.4512 	  0.75699967
191 	 97.944433 	  0.35813958
192 	 98.522286 	 -0.47627851
193 	 98.881287 	  0.78603185
194 	 99.151683 	 -0.4220122
195 	 99.915369 	  0.19795421
196 	 100.2337 	  0.44625654
197 	 100.97273 	 -0.61694405
198 	 101.22207 	 -0.74351923
199 	 101.74137 	  0.23118349
200 	 102.24361 	  0.29490616
201 	 102.89747 	 -0.023569563
202 	 103.69598 	 -0.40174559
203 	 104.48382 	  0.12207648
204 	 104.9792 	 -0.41642935
205 	 105.48119 	  0.72090494
206 	 106.0318 	 -0.81022154
207 	 106.50934 	  0.10897436
208 	 107.11617 	  0.20822912
209 	 107.57492 	  0.025689819
210 	 108.09169 	  0.48711991
211 	 108.28873 	 -0.45646439
212 	 109.07181 	 -0.15451243
213 	 109.9113 	  0.45449273
214 	 110.04834 	 -0.65812633
215 	 110.80517 	 -0.79101147
216 	 111.04389 	 -0.99975854
217 	 111.26974 	 -0.83456552
218 	 111.71664 	  0.045647497
219 	 112.11761 	 -0.34126564
220 	 112.46836 	 -0.018657397
221 	 112.73993 	  0.02562967
222 	 113.13539 	  0.10315646
223 	 113.87283 	  0.9335358
224 	 114.37293 	 -0.51096181
225 	 114.75323 	  0.080214077
226 	 115.14523 	  0.021340734
227 	 115.66543 	  0.49844863
228 	 116.123 	  0.77461709
229 	 116.50993 	 -0.86505792
230 	 117.26008 	 -0.18387644
231 	 117.57568 	  0.61193326
232 	 118.10815 	  0.65630186
233 	 118.54795 	 -0.46315556
234 	 118.742 	 -0.73925329
235 	 119.18127 	  0.67603982
236 	 119.73523 	 -0.81267092
237 	 120.40912 	  0.54616644
238 	 120.82987 	 -0.038575643
239 	 121.40907 	  0.99280006
240 	 121.95761 	  0.076586031
241 	 122.20769 	  0.2309324
242 	 122.65864 	 -0.27809041
243 	 123.13131 	 -0.30956971
244 	 123.53399 	  0.35786947
245 	 124.03171 	  0.99921553
246 	 124.77762 	  0.14639286
247 	 125.27896 	 -0.70887655
248 	 125.76857 	  0.09204645
249 	 126.3073 	 -0.53103182
250 	 127.02343 	 -0.67103817
251 	 127.39015 	 -0.98041961
252 	 127.9447 	  0.5753504
253 	 128.40692 	  0.30098621
254 	 128.96082 	 -0.01566603
255 	 129.64438 	 -0.49299909
256 	 130.03348 	  0.0073117566
257 	 130.76778 	 -0.80125871
258 	 131.25888 	  0.026097008
259 	 131.7658 	  0.66573972
260 	 132.31241 	  0.93261799
261 	 133.16546 	  0.47076524
262 	 133.50854 	  0.37847515
263 	 134.1307 	  0.10469275
264 	 134.64503 	 -0.11625562
265 	 135.12862 	  0.3861359
266 	 135.64687 	  0.51768567
267 	 136.05492 	 -0.19246178
268 	 136.5285 	 -0.87178644
269 	 137.07559 	 -0.0087902256
270 	 137.56146 	 -0.90612092
271 	 137.83121 	 -0.38227021
272 	 138.39234 	  0.59669407
273 	 138.9258 	  0.50341013
274 	 139.29145 	 -0.25924457
275 	 139.87748 	  0.74808416
276 	 140.2712 	 -0.88679932
277 	 140.78333 	 -0.71197859
278 	 141.30266 	  0.6807049
279 	 141.63175 	 -0.30160347
280 	 142.35398 	 -0.51225904
281 	 142.70339 	  0.68440574
282 	 143.07445 	  0.69176022
283 	 143.55584 	  0.68939085
284 	 144.12409 	  0.36909544
285 	 144.60753 	  0.88496786
286 	 145.16799 	  0.96962359
287 	 145.44997 	  0.012948442
288 	 146.2517 	  0.59824604
289 	 146.65324 	 -0.83645289
290 	 147.15894 	 -0.93917986
291 	 147.74187 	 -0.1577231
292 	 148.10564 	  0.57259125
293 	 148.58813 	  0.67441172
294 	 149.21339 	  0.39257458
295 	 149.87446 	 -0.15405032
296 	 150.42024 	 -0.76562001
297 	 151.26984 	 -0.80776364
298 	 151.814 	 -0.81238557
299 	 152.41023 	 -0.69121663
300 	 152.87826 	  0.18449536
301 	 153.26346 	 -0.21694007
302 	 153.68353 	  0.35855232
303 	 154.17859 	 -0.24544354
304 	 154.59447 	 -0.7096356
305 	 154.96455 	  0.55854577
306 	 155.47241 	 -0.42765592
307 	 155.85597 	 -0.6986647
308 	 156.29805 	 -0.90510281
309 	 156.79488 	  0.97788153
310 	 157.53803 	  0.10179139
311 	 158.153 	  0.81643785
312 	 158.88438 	 -0.64723236
313 	 159.33399 	  0.76093351
314 	 159.7503 	 -0.05671866
315 	 160.36381 	  0.22044215
316 	 160.55265 	 -0.34138353
317 	 160.91625 	  0.62270447
318 	 161.37857 	  0.79480421
319 	 161.93648 	 -0.49567714
320 	 162.53828 	  0.075703576
321 	 162.90186 	  0.95843454
322 	 163.25692 	 -0.24188741
323 	 163.77961 	  0.43490555
324 	 163.91781 	 -0.86626812
325 	 164.68618 	 -0.83866222
326 	 165.43583 	  0.26857048
327 	 166.18514 	  0.46510036
328 	 166.75499 	 -0.21313907
329 	 167.22191 	  0.90315869
330 	 167.96017 	 -0.34295718
331 	 168.60511 	 -0.8552883
332 	 168.99135 	  0.87810397
333 	 169.41286 	  0.86984322
334 	 169.96361 	  0.026829801
335 	 170.59801 	  0.30747498
336 	 171.39345 	 -0.86310137
337 	 171.73149 	 -0.50125127
338 	 172.56218 	 -0.52880729
339 	 173.09043 	 -0.30251785
340 	 173.5447 	  0.11753287
341 	 173.99241 	 -0.15051148
342 	 174.49764 	 -0.60705128
343 	 175.08993 	 -0.10786182
344 	 175.90735 	 -0.3802232
345 	 176.28489 	 -0.50117444
346 	 176.53314 	  0.53206931
347 	 176.88801 	 -0.17037335
348 	 177.40011 	  0.42611852
349 	 177.73954 	  0.29473288
350 	 178.04757 	  0.96978857
351 	 178.75882 	  0.55729213
352 	 179.57595 	  0.74664729
353 	 179.89731 	  0.50792741
354 	 180.44723 	  0.7386849
355 	 180.96086 	 -0.18240524
356 	 181.33407 	 -0.5997976
357 	 182.09479 	  0.91692643
358 	 182.79432 	 -0.1356704
359 	 183.20133 	  0.27783435
360 	 184.01591 	  0.51330883
361 	 184.43647 	 -0.80572288
362 	 184.91971 	  0.40079322
363 	 185.64287 	  0.77102955
364 	 186.06621 	 -0.90161231
365 	 186.46276 	  0.7402357
366 	 186.86798 	  0.3735056
367 	 187.30729 	  0.72651653
368 	 187.6119 	 -0.45498725
369 	 188.1541 	  0.7003389
370 	 189.028 	  0.51627948
371 	 189.54799 	  0.7921219
372 	 190.04393 	  0.92445008
373 	 190.38422 	  0.69994256
374 	 190.67066 	 -0.95849796
375 	 190.9167 	 -0.66395822
376 	 191.20103 	 -0.89066173
377 	 191.69309 	 -0.91541648
378 	 192.00091 	  0.97626906
379 	 192.57875 	  0.94932091
380 	 193.24699 	 -0.92476818
381 	 193.63687 	 -0.19353086
382 	 194.15291 	 -0.87495894
383 	 194.56947 	  0.61467914
384 	 195.14157 	  0.89482134
385 	 195.64062 	 -0.71318944
386 	 196.18658 	 -0.26107546
387 	 196.43926 	 -0.040783281
388 	 197.21582 	 -0.6180176
389 	 197.84549 	 -0.82193109
390 	 198.32131 	 -0.52645084
391 	 198.80888 	 -0.54080363
392 	 199.10934 	  0.8522378
393 	 199.41528 	  0.46823449
394 	 199.76183 	 -0.61939223
395 	 200.07649 	  0.037768317
396 	 200.88611 	 -0.47839633
397 	 201.41298 	 -0.15986131
398 	 202.0673 	 -0.16736664
399 	 202.51354 	  0.01552662
400 	 203.19098 	  0.29971495
401 	 203.91461 	  0.56215186
402 	 204.3922 	 -0.50321951
403 	 204.67956 	  0.9629087
404 	 205.06906 	  0.28462694
405 	 205.26551 	  0.95670008
406 	 205.68602 	  0.42644837
407 	 206.13398 	  0.50332549
408 	 206.57592 	  0.50050611
409 	 206.81802 	  0.55908814
410 	 207.39515 	  0.51991354
411 	 207.91345 	 -0.46629859
412 	 208.60816 	  0.24601982
413 	 208.74932 	 -0.98738305
414 	 209.17685 	 -0.22070498
415 	 209.72251 	  0.50942092
416 	 210.54397 	 -0.57257842
417 	 210.77527 	 -0.13556683
418 	 211.14526 	  0.59947538
419 	 211.58688 	 -0.032661849
420 	 211.98244 	  0.41489597
421 	 212.54627 	  0.70283325
422 	 213.15525 	  0.52999307
423 	 213.7335 	  0.1601114
424 	 214.34708 	 -0.457714
425 	 215.01558 	 -0.28825731
426 	 215.52816 	 -0.32221002
427 	 215.84574 	  0.80820189
428 	 216.49745 	 -0.097106484
429 	 217.12479 	 -0.63357428
430 	 217.58923 	  0.12265686
431 	 217.85644 	 -0.79930515
432 	 218.33152 	 -0.79426158
433 	 218.82257 	  0.31867857
434 	 219.30221 	 -0.63048222
435 	 219.76429 	  0.92257056
436 	 220.33439 	  0.32636511
437 	 220.75201 	 -0.30132653
438 	 220.95238 	  0.3384576
439 	 221.38522 	  0.64316387
440 	 222.08243 	  0.6145678
441 	 222.65866 	  0.26117764
442 	 223.1407 	 -0.32189865
443 	 223.28377 	  0.78280225
444 	 223.82755 	 -0.84417114
445 	 224.2096 	 -0.31664271
446 	 224.53412 	 -0.86713762
447 	 224.93825 	  0.62836575
448 	 225.72088 	 -0.76621027
449 	 226.12585 	  0.027919141
450 	 226.83823 	 -0.45839233
451 	 227.34149 	  0.42384586
452 	 227.64081 	 -0.91353599
453 	 228.02366 	  0.089330244
454 	 228.46042 	  0.81180859
455 	 228.86578 	  0.1469615
456 	 229.45991 	  0.078739493
457 	 230.13223 	  0.46130636
458 	 230.53701 	 -0.82362658
459 	 230.87742 	  0.73316038
460 	 231.24889 	  0.90816101
461 	 231.8672 	 -0.068928273
462 	 232.39082 	 -0.71339038
463 	 232.98962 	 -0.052445649
464 	 233.51389 	 -0.51679504
465 	 234.15455 	  0.25158613
466 	 234.87235 	  0.020634373
467 	 235.18943 	  0.43138382
468 	 235.77849 	 -0.00062750116
469 	 236.51604 	  0.4301425
470 	 237.19052 	 -0.34309934
471 	 237.97504 	 -0.5339534
472 	 238.36474 	  0.29104917
473 	 238.75684 	 -0.66437649
474 	 239.40682 	 -0.64407623
475 	 239.70497 	 -0.50962168
476 	 240.15197 	  0.010180469
477 	 240.44745 	  0.27898167
478 	 241.18897 	 -0.99903624
479 	 241.92267 	 -0.9650671
480 	 242.70475 	  0.66783737
481 	 243.15913 	 -0.59180436
482 	 244.0218 	  0.44602471
483 	 244.37195 	  0.48961167
484 	 244.90985 	  0.62044532
485 	 245.22554 	  0.42808571
486 	 245.51791 	 -0.15234786
487 	 245.78668 	  0.86457653
488 	 246.33236 	 -0.78251581
489 	 246.68037 	  0.38647733
490 	 247.25185 	 -0.64249503
491 	 247.7711 	 -0.042574667
492 	 247.99869 	  0.90253191
493 	 248.59502 	  0.66602282
494 	 249.00837 	  0.17013497
495 	 249.37069 	 -0.26657382
496 	 249.96726 	 -0.33651891
497 	 250.58437 	 -0.10306882
498 	 251.0057 	  0.1317392
499 	 251.151 	  0.31860773
500 	 251.84802 	 -0.36878395
501 	 252.30656 	  0.84260729
502 	 252.8968 	  0.79472495
503 	 253.43648 	 -0.44875766
504 	 253.96382 	  0.80903955
505 	 254.74421 	  0.92221826
506 	 255.09484 	 -0.22405952
507 	 255.67755 	 -0.25392191
508 	 256.48243 	  0.85879582
509 	 256.93827 	  0.56861772
510 	 257.48067 	  0.062680514
511 	 257.87313 	 -0.33728196
512 	 258.37436 	  0.15542706
513 	 259.024 	  0.91848907
514 	 259.56545 	  0.62865535
515 	 260.28753 	 -0.51472525
516 	 260.59479 	  0.60439846
517 	 261.10076 	  0.13771246
518 	 261.52678 	 -0.55102354
519 	 262.27182 	 -0.62860928
520 	 262.76998 	  0.77204712
521 	 263.29337 	 -0.93057055
522 	 263.72776 	  0.093133813
523 	 264.23532 	 -0.908083
524 	 264.78424 	  0.7915188
525 	 265.41584 	  0.79280669
526 	 265.95932 	  0.099511399
527 	 266.44964 	 -0.50092206
528 	 267.08457 	 -0.80952778
529 	 267.77826 	 -0.14792482
530 	 268.20896 	  0.41941204
531 	 268.73256 	 -0.075980465
532 	 269.09077 	  0.93162156
533 	 269.70549 	  0.2485031
534 	 270.45664 	  0.14049277
535 	 271.02322 	  0.51711113
536 	 271.42708 	 -0.72433081
537 	 271.92995 	 -0.41717567
538 	 272.44086 	  0.33437916
539 	 272.7812 	  0.74578247
540 	 273.21106 	 -0.41495422
541 	 273.75114 	 -0.51139808
542 	 274.38231 	 -0.10464556
543 	 274.85731 	 -0.95911804
544 	 275.37455 	 -0.55680996
545 	 275.66365 	 -0.80757939
546 	 276.28331 	  0.6177469
547 	 276.78913 	 -0.10573535
548 	 277.46293 	 -0.95410504
549 	 278.01202 	  0.44046703
550 	 278.38464 	 -0.23876677
551 	 278.89553 	 -0.28977653
552 	 279.57259 	  0.67266118
553 	 280.01991 	  0.90248336
554 	 280.4784 	 -0.86830568
555 	 280.85391 	  0.0060579486
556 	 281.40742 	  0.1890792
557 	 281.98742 	  0.25333982
558 	 282.45801 	  0.83474465
559 	 283.19813 	 -0.29349426
560 	 283.539 	 -0.12292842
561 	 284.15677 	  0.51067051
562 	 284.70953 	 -0.19643581
563 	 285.20543 	 -0.66323165
564 	 285.93601 	  0.91460497
565 	 286.4814 	  0.72956657
566 	 286.96718 	  0.83077751
567 	 287.42239 	  0.82121814
568 	 287.74369 	  0.010211765
569 	 288.08531 	  0.94147052
570 	 288.62307 	 -0.21373486
571 	 289.22558 	 -0.87834377
572 	 289.68447 	  0.71858342
573 	 290.11021 	  0.12708675
574 	 290.62068 	 -0.27907193
575 	 291.42189 	 -0.38172472
576 	 291.98502 	  0.63464611
577 	 292.48636 	 -0.59438981
578 	 293.01386 	  0.50589453
579 	 293.52151 	 -0.83528121
580 	 294.20901 	 -0.18933934
581 	 295.04021 	  0.43154999
582 	 295.25699 	  0.11813506
583 	 295.73902 	 -0.27043662
584 	 296.28456 	  0.5802701
585 	 296.85311 	 -0.30851167
586 	 297.5122 	  0.028893448
587 	 297.99916 	  0.70162216
588 	 298.44323 	  0.087609982
589 	 298.94583 	  0.44581223
590 	 299.41729 	 -0.070481211
591 	 300.01579 	  0.76127878
592 	 300.78115 	 -0.61459667
593 	 301.07608 	  0.69922282
594 	 301.33001 	  0.73235659
595 	 302.04628 	 -0.38103546
596 	 302.52764 	 -0.28161471
597 	 302.84947 	  0.69384513
598 	 303.63586 	  0.76281783
599 	 304.05015 	 -0.38985522
600 	 304.44368 	  0.81608275
601 	 305.26399 	 -0.37192254
602 	 306.02539 	 -0.15119342
603 	 306.51472 	  0.59804494
604 	 307.17205 	 -0.17028419
605 	 307.71667 	 -0.56480375
606 	 308.23211 	  0.6877981
607 	 308.70615 	  0.36700656
608 	 309.4624 	 -0.7541557
609 	 309.92928 	 -0.12023313
610 	 310.4041 	  0.99271895
611 	 310.95797 	  0.67348217
612 	 311.50656 	  0.0015009264
613 	 311.71129 	 -0.80300832
614 	 311.98535 	 -0.73084821
615 	 312.57785 	 -0.42139616
616 	 313.03987 	 -0.3642919
617 	 313.45781 	  0.51020051
618 	 314.0302 	  0.32953135
619 	 314.38671 	 -0.27996437
620 	 315.12905 	 -0.98467972
621 	 315.54032 	  0.083622922
622 	 316.11163 	 -0.97821222
623 	 316.59417 	 -0.76660631
624 	 316.97067 	  0.55212397
625 	 317.67652 	  0.82327641
626 	 318.40703 	 -0.78502318
627 	 318.94216 	 -0.60711288
628 	 319.44368 	 -0.42848527
629 	 319.78534 	  0.37894147
630 	 320.23063 	 -0.35949327
631 	 320.97686 	  0.30112295
632 	 321.54693 	  0.95400147
633 	 322.02948 	 -0.27605432
634 	 322.46308 	  0.4214788
635 	 322.7607 	  0.62386253
636 	 323.4964 	 -0.16591064
637 	 324.18658 	 -0.90422591
638 	 324.79746 	 -0.16349273
639 	 325.37259 	  0.18059844
640 	 325.95256 	 -0.87859364
641 	 326.30194 	 -0.19383469
642 	 326.80191 	 -0.20418746
643 	 327.3154 	  0.916085
644 	 327.72152 	 -0.51380367
645 	 328.34096 	  0.4436172
646 	 329.07084 	 -0.69717601
647 	 329.6775 	  0.64920899
648 	 330.07943 	 -0.37256685
649 	 330.80139 	 -0.48204023
650 	 331.25281 	 -0.61285749
651 	 331.88966 	 -0.58403466
652 	 332.41245 	  0.21101508
653 	 332.95501 	 -0.7657186
654 	 333.37869 	  0.37073461
655 	 333.77137 	  0.11875415
656 	 334.33704 	 -0.70731223
657 	 334.84733 	  0.57427945
658 	 335.07565 	  0.55187311
659 	 335.63534 	 -0.36437355
660 	 336.00362 	  0.61955886
661 	 336.56256 	  0.55483824
662 	 336.99189 	  0.20004068
663 	 337.62233 	  0.01296464
664 	 338.00606 	  0.98485218
665 	 338.22773 	 -0.60982458
666 	 338.76135 	  0.70975702
667 	 339.32173 	  0.34623472
668 	 339.58042 	  0.47710423
669 	 340.1572 	  0.31104121
670 	 340.55306 	  0.31239549
671 	 340.85851 	 -0.019914225
672 	 341.56283 	 -0.87697228
673 	 342.23022 	 -0.095655601
674 	 342.73381 	 -0.40702267
675 	 343.44286 	 -0.62648718
676 	 344.0095 	 -0.35970413
677 	 344.45138 	 -0.30527048
678 	 344.77246 	  0.98708938
679 	 345.32314 	 -0.24418352
680 	 345.90738 	  0.96979807
681 	 346.14756 	 -0.085801582
682 	 346.71862 	  0.24051874
683 	 347.16142 	  0.82738749
684 	 347.60403 	  0.74305273
685 	 348.2646 	  0.75958834
686 	 349.00995 	 -0.38440056
687 	 349.3149 	  0.80743812
688 	 349.61602 	  0.55880408
689 	 350.11121 	 -0.81686656
690 	 350.63281 	 -0.084754069
691 	 350.82246 	 -0.28423108
692 	 351.34328 	 -0.096690285
693 	 351.89451 	  0.82190043
694 	 352.47128 	  0.70427781
695 	 352.78221 	 -0.75951292
696 	 353.47063 	 -0.9184267
697 	 353.84469 	  0.61832775
698 	 354.55062 	 -0.085873267
699 	 355.22113 	 -0.98277766
700 	 355.83785 	  0.66022711
701 	 356.33597 	 -0.4430927
702 	 356.69095 	  0.17439085
703 	 357.20822 	  0.88751672
704 	 357.85078 	  0.13605594
705 	 358.37463 	  0.82395585
706 	 358.81748 	  0.69251978
707 	 359.25813 	 -0.71832929
708 	 359.62853 	  0.2880777
709 	 359.94082 	 -0.378495
710 	 360.23612 	  0.29561509
711 	 360.70129 	 -0.57240287
712 	 361.17119 	 -0.94428981
713 	 361.45823 	  0.29164119
714 	 361.88327 	  0.9022873
715 	 362.41516 	  0.9878764
716 	 362.95976 	  0.53526701
717 	 363.37057 	 -0.82684942
718 	 363.94382 	  0.39922672
719 	 364.6692 	 -0.91783492
720 	 364.92659 	  0.28496967
721 	 365.47838 	 -0.46266715
722 	 365.7805 	 -0.3806296
723 	 366.19917 	  0.78084649
724 	 366.88316 	  0.13638533
725 	 367.69415 	  0.4872292
726 	 367.93075 	  0.8897875
727 	 368.36496 	 -0.65166712
728 	 368.95119 	 -0.84648744
729 	 369.51953 	 -0.58335452
730 	 369.97359 	  0.46212599
731 	 370.47487 	 -0.94502039
732 	 371.09152 	  0.3123402
733 	 371.32315 	  0.040278145
734 	 371.83809 	 -0.18703098
735 	 372.22331 	  0.13065307
736 	 372.4783 	 -0.651468
737 	 372.82474 	  0.17330857
738 	 373.14478 	  0.27991003
739 	 373.65284 	 -0.74886682
740 	 374.435 	 -0.29304891
741 	 374.94358 	  0.71107505
742 	 375.44541 	 -0.30304403
743 	 375.78142 	 -0.66130816
744 	 376.31081 	 -0.33755023
745 	 377.01444 	 -0.010927998
746 	 377.55006 	 -0.15769509
747 	 378.09688 	 -0.55674996
748 	 378.58721 	  0.36572819
749 	 379.13406 	  0.38313094
750 	 379.89006 	 -0.82652904
751 	 380.21623 	 -0.39380578
752 	 380.65849 	  0.41219088
753 	 380.93898 	 -0.50940637
754 	 381.34944 	  0.66048428
755 	 381.71413 	  0.35388047
756 	 382.15452 	  0.089824479
757 	 382.62127 	 -0.70153701
758 	 383.28501 	 -0.037580457
759 	 383.5623 	  0.66340908
760 	 384.16622 	 -0.75311979
761 	 385.0278 	  0.68429232
762 	 385.51314 	 -0.33888937
763 	 386.2123 	 -0.065221146
764 	 386.62506 	 -0.63040937
765 	 387.16633 	  0.59863655
766 	 387.69128 	  0.22154838
767 	 388.28534 	 -0.79629513
768 	 388.47977 	  0.83493631
769 	 389.31151 	  0.20833196
770 	 389.79666 	 -0.28776285
771 	 390.33525 	 -0.48343168
772 	 391.11354 	 -0.82792919
773 	 391.56213 	 -0.929648
774 	 392.25041 	 -0.11679299
775 	 392.93035 	 -0.23920103
776 	 393.39661 	  0.35618294
777 	 394.04003 	 -0.044889252
778 	 394.54565 	  0.46927067
779 	 395.22382 	 -0.65852485
780 	 395.79578 	 -0.12427064
781 	 396.20968 	  0.83531013
782 	 396.50414 	  0.56042141
783 	 397.10038 	 -0.95818729
784 	 397.59688 	  0.566248
785 	 398.46336 	  0.38565577
786 	 398.68224 	 -0.14641649
787 	 399.56909 	  0.32556495
788 	 400.06335 	  0.8348103
789 	 400.47255 	  0.21809119
790 	 401.08221 	 -0.67321339
791 	 401.26826 	  0.62581508
792 	 401.73765 	 -0.027266332
793 	 402.44029 	 -0.49680844
794 	 402.79265 	 -0.18368437
795 	 403.53972 	  0.0092592842
796 	 403.90438 	 -0.8402439
797 	 404.26514 	 -0.37359073
798 	 404.96017 	  0.4661291
799 	 405.67258 	 -0.38468521
800 	 406.49857 	  0.62446654
801 	 406.9014 	 -0.20794703
802 	 407.55101 	  0.042776108
803 	 408.11273 	 -0.06324893
804 	 408.73212 	  0.18444253
805 	 409.47222 	 -0.13805734
806 	 410.03588 	  0.056415388
807 	 410.83363 	  0.81664679
808 	 411.34968 	  0.46883598
809 	 412.00267 	  0.31056267
810 	 412.68548 	  0.75899869
811 	 413.14275 	 -0.025661066
812 	 414.01401 	  0.063763635
813 	 414.62941 	 -0.84559695
814 	 415.07801 	 -0.75034936
815 	 415.64378 	  0.67803372
816 	 416.12084 	  0.26722013
817 	 416.39681 	 -0.99055299
818 	 416.6481 	 -0.77607672
819 	 417.23082 	 -0.7979727
820 	 417.99737 	 -0.24293663
821 	 418.57081 	 -0.73370485
822 	 419.18766 	 -0.18491584
823 	 419.82398 	 -0.087346782
824 	 420.3728 	 -0.47042305
825 	 420.69077 	 -0.43843475
826 	 421.13038 	 -0.94789969
827 	 421.67442 	 -0.1371295
828 	 422.03711 	  0.30006731
829 	 422.60816 	  0.78113204
830 	 423.04741 	 -0.51347521
831 	 423.50155 	  0.30513822
832 	 423.92468 	  0.50096269
833 	 424.52725 	  0.65566701
834 	 425.11517 	 -0.056995762
835 	 425.70733 	 -0.24558293
836 	 425.96678 	  0.18098348
837 	 426.37462 	 -0.37402432
838 	 426.60201 	  0.67277403
839 	 427.30041 	 -0.54100145
840 	 427.64448 	 -0.83881737
841 	 428.02186 	 -0.42082255
842 	 428.48244 	  0.21703513
843 	 429.24357 	  0.7785472
844 	 429.42225 	  0.7478017
845 	 429.89495 	 -0.38726324
846 	 430.26653 	  0.84159904
847 	 430.80042 	  0.90544906
848 	 431.42073 	  0.9268408
849 	 432.04394 	 -0.40464875
850 	 432.61074 	 -0.18443102
851 	 432.98893 	 -0.57273905
852 	 433.40283 	  0.91562496
853 	 433.90502 	 -0.14579807
854 	 434.46887 	  0.019675231
855 	 435.27565 	  0.57354728
856 	 435.88485 	  0.73588443
857 	 436.53971 	  0.57011905
858 	 436.96155 	 -0.16917306
859 	 437.39715 	  0.19190908
860 	 437.87089 	 -0.11369463
861 	 438.34558 	  0.82103702
862 	 438.89585 	 -0.19049816
863 	 439.55059 	 -0.4884781
864 	 440.12741 	  0.78192074
865 	 440.60639 	 -0.77364238
866 	 441.11047 	 -0.030945252
867 	 441.34435 	 -0.11419352
868 	 441.86822 	 -0.17917044
869 	 442.34605 	 -0.20411073
870 	 442.64145 	 -0.90912382
871 	 443.30776 	 -0.15727337
872 	 443.76605 	  0.98040453
873 	 444.31542 	 -0.24415076
874 	 444.7427 	  0.040824129
875 	 445.2606 	 -0.029467079
876 	 445.69142 	  0.71904935
877 	 446.26436 	 -0.93437151
878 	 446.72297 	 -0.25389002
879 	 447.3361 	  0.97469144
880 	 447.72571 	 -0.77745882
881 	 448.18466 	 -0.36202936
882 	 449.00297 	 -0.51082528
883 	 449.79618 	 -0.99300902
884 	 450.38452 	 -0.66549535
885 	 450.79536 	  0.93527625
886 	 451.1594 	  0.95937864
887 	 451.50503 	 -0.88575938
888 	 451.92272 	 -0.7965556
889 	 452.49974 	 -0.056954357
890 	 452.94488 	 -0.064631435
891 	 453.39887 	 -0.062072101
892 	 453.8617 	 -0.77652877
893 	 454.43992 	 -0.70569983
894 	 454.92779 	  0.755167
895 	 455.43234 	 -0.75202262
896 	 456.14376 	 -0.87571773
897 	 456.68728 	 -0.29650339
898 	 457.11928 	  0.22710037
899 	 457.72818 	 -0.00040917683
900 	 458.22359 	 -0.14645659
901 	 458.83085 	  0.35958364
902 	 459.55198 	 -0.69176986
903 	 459.76232 	 -0.3513492
904 	 460.27241 	  0.52029176
905 	 460.69057 	  0.94589234
906 	 461.17364 	  0.19661207
907 	 461.73196 	 -0.8657265
908 	 462.22736 	 -0.15772225
909 	 462.55399 	 -0.015812633
910 	 463.06103 	  0.10489936
911 	 463.67099 	  0.82198334
912 	 464.06015 	 -0.76225987
913 	 464.70931 	 -0.78572754
914 	 465.15179 	 -0.62162318
915 	 465.61459 	  0.085549249
916 	 465.89058 	 -0.64529557
917 	 466.67858 	 -0.19573452
918 	 467.21622 	 -0.5300889
919 	 467.68718 	  0.82911006
920 	 468.38663 	 -0.10419687
921 	 468.97646 	 -0.38367171
922 	 469.75266 	 -0.56434591
923 	 470.24357 	  0.011800634
924 	 470.85442 	 -0.39747769
925 	 471.45214 	 -0.032896543
926 	 471.9645 	 -0.85120282
927 	 472.54051 	  0.18745889
928 	 473.03847 	  0.69809134
929 	 473.3222 	  0.97963158
930 	 473.94133 	  0.33271413
931 	 474.45019 	  0.22419513
932 	 475.06713 	 -0.90996539
933 	 475.44321 	 -0.28867578
934 	 475.72787 	  0.71033422
935 	 476.10644 	 -0.38885894
936 	 476.66791 	 -0.68664068
937 	 477.27537 	  0.31172087
938 	 478.05888 	  0.38074901
939 	 478.77519 	 -0.59156061
940 	 479.26879 	  0.63552157
941 	 479.52186 	 -0.73529545
942 	 480.06684 	  0.43931814
943 	 480.49042 	 -0.72332108
944 	 481.15771 	  0.049485716
945 	 481.61647 	 -0.33276044
946 	 482.22909 	 -0.98695844
947 	 482.81963 	 -0.68965052
948 	 483.32098 	  0.78741622
949 	 483.97071 	 -0.42714016
950 	 484.57424 	  0.43837005
951 	 484.81527 	  0.70078742
952 	 485.3198 	 -0.34415318
953 	 486.06361 	  0.3296016
954 	 486.61456 	  0.44899653
955 	 487.30255 	 -0.6276815
956 	 487.8929 	  0.49959862
957 	 488.23302 	  0.65025152
958 	 488.82178 	  0.069730545
959 	 489.57264 	  0.91653104
960 	 490.10536 	 -0.043789512
961 	 490.60404 	  0.17116182
962 	 491.099 	 -0.38642772
963 	 491.76299 	  0.51993746
964 	 492.19383 	  0.65904653
965 	 492.6167 	  0.19511768
966 	 493.14474 	 -0.21135631
967 	 493.76923 	 -0.97706215
968 	 493.9634 	  0.27584551
969 	 494.52421 	 -0.2243523
970 	 495.17079 	 -0.14800743
971 	 495.80028 	 -0.4658459
972 	 496.07702 	  0.35107113
973 	 496.54528 	  0.96003251
974 	 496.73096 	 -0.87599992
975 	 497.02737 	  0.94898734
976 	 497.60186 	 -0.39367893
977 	 498.23038 	  0.35381787
978 	 498.53259 	 -0.89047472
979 	 499.05333 	 -0.073641265
980 	 499.5361 	 -0.35799677
981 	 500.2039 	  0.77225129
982 	 500.5092 	 -0.86309039
983 	 500.85897 	  0.29020008
984 	 501.46116 	  0.39915221
985 	 501.90695 	 -0.30851549
986 	 502.44281 	 -0.96126557
987 	 502.95554 	 -0.60507357
988 	 503.72227 	  0.37349648
989 	 504.09247 	  0.71072931
990 	 504.49274 	 -0.36322009
991 	 505.14016 	 -0.52882139
992 	 505.63592 	  0.17844884
993 	 506.24468 	  0.70203353
994 	 506.69374 	  0.50285806
995 	 507.20319 	 -0.089863529
996 	 507.60328 	 -0.82529863
997 	 508.06359 	 -0.3174454
998 	 508.46803 	 -0.92331789
999 	 499.06819 	  0.60212372
FUNCTION PROFILE: 
0 	 0.100803413161
1 	 0.43237952192
2 	 0.58370252052
3 	 0.332060215391
4 	 0.049904376427
5 	 0.648707793231
6 	 0.387947694729
7 	 0.652613626395
8 	 0.041368084404
9 	 0.431359030412
10 	 0.325603341951
11 	 0.72301299616
12 	 0.364581866961
13 	 0.47792370285
14 	 0.093650970362
15 	 0.110959276422
16 	 0.722813822771
17 	 0.507145958199
18 	 0.484031049829
19 	 0.829963899852
20 	 0.023014290791
21 	 0.195573628006
22 	 0.768470970213
23 	 0.00465451321
24 	 0.334347266481
25 	 0.043445519671
26 	 0.786092340874
27 	 0.38248947958
28 	 0.974828540576
29 	 0.640981286458
30 	 0.669944298994
31 	 0.835487650461
32 	 0.834359129126
33 	 0.802261275082
34 	 0.360277104699
35 	 0.569180017224
36 	 0.323809716793
37 	 0.908746453299
38 	 0.063021284343
39 	 0.813691521824
40 	 0.740744220055
41 	 0.96225173381
42 	 0.306431190885
43 	 0.508063688303
44 	 0.150410825541
45 	 0.65943450309
46 	 0.600860497606
47 	 0.814227159337
48 	 0.246879481054
49 	 0.102846422265
50 	 0.709944784671
51 	 0.315989419061
52 	 0.484314438862
53 	 0.877289177668
54 	 0.963274306591
55 	 0.863795497112
56 	 0.018972729177
57 	 0.904257493874
58 	 0.673944846851
59 	 0.279157575467
60 	 0.193804235886
61 	 0.181511300143
62 	 0.652814887928
63 	 0.741283917058
64 	 0.867793785538
65 	 0.877998045992
66 	 0.686579808334
67 	 0.392720102701
68 	 0.834182177974
69 	 0.477257283511
70 	 0.056108823843
71 	 0.901028183191
72 	 0.345781576505
73 	 0.944150432181
74 	 0.899354649759
75 	 0.025144619023
76 	 0.507742018866
77 	 0.274657891693
78 	 0.000986901824
79 	 0.89958109555
80 	 0.506994520589
81 	 0.634213562049
82 	 0.050583502084
83 	 0.733756050223
84 	 0.088311721267
85 	 0.804824921503
86 	 0.297084980646
87 	 0.324101111129
88 	 0.668832762183
89 	 0.903042927894
90 	 0.355869390251
91 	 0.052327787421
92 	 0.306578402011
93 	 0.156382924431
94 	 0.812545392663
95 	 0.796259782423
96 	 0.164538496455
97 	 0.452041599305
98 	 0.084488863647
99 	 0.861483237772
100 	 0.147322490637
101 	 0.549729190081
102 	 0.381759797868
103 	 0.04108053522
104 	 0.007531117357
105 	 0.799363823713
106 	 0.696980931145
107 	 0.249313431511
108 	 0.490453602256
109 	 0.353779174042
110 	 0.685531763291
111 	 0.037072351426
112 	 0.092214264814
113 	 0.574499361904
114 	 0.884781650325
115 	 0.826881437677
116 	 0.932619035564
117 	 0.569670016394
118 	 0.061979350708
119 	 0.31526587373
120 	 0.599019697358
121 	 0.382039996967
122 	 0.193672783852
123 	 0.471852619492
124 	 0.247923250848
125 	 0.448204535006
126 	 0.749770815695
127 	 0.424186763449
128 	 0.46621372766
129 	 0.431061709229
130 	 0.189622874653
131 	 0.665763487925
132 	 0.608485620798
133 	 0.767209466551
134 	 0.781399974316
135 	 0.883866070581
136 	 0.134482596538
137 	 0.76185049204
138 	 0.433088298123
139 	 0.786985720631
140 	 0.251287672103
141 	 0.543071563581
142 	 0.759605233589
143 	 0.808650613356
144 	 0.678621775592
145 	 0.40327898596
146 	 0.598009028298
147 	 0.511385924526
148 	 0.79254740546
149 	 0.002064702129
150 	 0.623445275443
151 	 0.086485121099
152 	 0.295002505024
153 	 0.118736217128
154 	 0.738375723767
155 	 0.327268684594
156 	 0.827838488861
157 	 0.119279820138
158 	 0.703696712232
159 	 0.69540389836
160 	 0.702522379063
161 	 0.697783190756
162 	 0.782192052222
163 	 0.911424406065
164 	 0.209004064435
165 	 0.787363333176
166 	 0.948991767919
167 	 0.931929111846
168 	 0.073211154
169 	 0.564867516671
170 	 0.571467181999
171 	 0.358677197168
172 	 0.617728508471
173 	 0.292541166352
174 	 0.116674663317
175 	 0.145686636584
176 	 0.199460009816
177 	 0.4786887828
178 	 0.432236424664
179 	 0.990768912724
180 	 0.288175719865
181 	 0.876576899327
182 	 0.145811415881
183 	 0.443448589009
184 	 0.974357841013
185 	 0.431605829864
186 	 0.116843709456
187 	 0.12975199257
188 	 0.311198456142
189 	 0.471833592981
190 	 0.169169834147
191 	 0.547268101815
192 	 0.896267457588
193 	 0.35476271398
194 	 0.022740295194
195 	 0.721531420743
196 	 0.587561483793
197 	 0.175439766885
198 	 0.578554708053
199 	 0.295172126198
200 	 0.038317091273
201 	 0.356865988059
202 	 0.198806291398
203 	 0.473847217394
204 	 0.665104108261
205 	 0.388694102198
206 	 0.093570655357
207 	 0.659382911634
208 	 0.928053774957
209 	 0.04748655758
210 	 0.400062324929
211 	 0.280128453229
212 	 0.312359267734
213 	 0.291618368988
214 	 0.371988548316
215 	 0.350582688235
216 	 0.505930599316
217 	 0.243272760252
218 	 0.690814193623
219 	 0.700041333594
220 	 0.883048092161
221 	 0.456128744189
222 	 0.523001884219
223 	 0.321235989269
224 	 0.596696568388
225 	 0.111443814618
226 	 0.679681013619
227 	 0.586005218745
228 	 0.433537821404
229 	 0.533464244479
230 	 0.039305927243
231 	 0.562267524341
232 	 0.288370532904
233 	 0.107857011251
234 	 0.521850004438
235 	 0.370426658336
236 	 0.891422532624
237 	 0.423527309579
238 	 0.222110618421
239 	 0.877655449558
240 	 0.333891354582
241 	 0.513038801408
242 	 0.247087314264
243 	 0.050753169127
244 	 0.983935547847
245 	 0.861700636439
246 	 0.162009296274
247 	 0.843986487092
248 	 0.886822773002
249 	 0.751263671452
250 	 0.352160360996
251 	 0.508336390586
252 	 0.042608908256
253 	 0.549775333079
254 	 0.449978129449
255 	 0.536013193505
256 	 0.960457227886
257 	 0.421264220711
258 	 0.203260548081
259 	 0.836523844421
260 	 0.980601972659
261 	 0.316324883627
262 	 0.681029512398
263 	 0.442950900061
264 	 0.190534557207
265 	 0.117993001749
266 	 0.018462888613
267 	 0.348154611341
268 	 0.389061001514
269 	 0.071234835833
270 	 0.295711610907
271 	 0.691312072256
272 	 0.486515925233
273 	 0.068913441707
274 	 0.759217159467
275 	 0.894895188931
276 	 0.288014677193
277 	 0.924249031334
278 	 0.670455745504
279 	 0.569169430393
280 	 0.909337258602
281 	 0.71058042085
282 	 0.838097029636
283 	 0.079109440166
284 	 0.792552667575
285 	 0.035249834824
286 	 0.634522760863
287 	 0.897994452418
288 	 0.348398346807
289 	 0.771074369369
290 	 0.052961017526
291 	 0.695291167513
292 	 0.584966085023
293 	 0.06449522347
294 	 0.669378786718
295 	 0.949807874126
296 	 0.915370247846
297 	 0.748021708306
298 	 0.39837746555
299 	 0.632253930708
300 	 0.587996067656
301 	 0.871779021651
302 	 0.297885731587
303 	 0.918166295257
304 	 0.076928052856
305 	 0.564963117907
306 	 0.781516734071
307 	 0.135531062157
308 	 0.618040815508
309 	 0.638153715495
310 	 0.931084628713
311 	 0.308048214592
312 	 0.50657820345
313 	 0.10059662895
314 	 0.718269354837
315 	 0.815174132772
316 	 0.239277463734
317 	 0.761858318069
318 	 0.775473819853
319 	 0.686920759655
320 	 0.340330421601
321 	 0.913501181875
322 	 0.616384316729
323 	 0.762654774404
324 	 0.061184646842
325 	 0.523544008028
326 	 0.902536437612
327 	 0.904597520827
328 	 0.486216267643
329 	 0.840796514704
330 	 0.703060818725
331 	 0.607092182332
332 	 0.861801360809
333 	 0.639951946356
334 	 0.572767065629
335 	 0.0860835848
336 	 0.251242228368
337 	 0.18121310048
338 	 0.042205284502
339 	 0.218227087366
340 	 0.920832412005
341 	 0.552294666398
342 	 0.850251183722
343 	 0.864920609314
344 	 0.241532813706
345 	 0.235910745912
346 	 0.800781371415
347 	 0.649986535226
348 	 0.641374736599
349 	 0.648345139573
350 	 0.482741831521
351 	 0.630099142476
352 	 0.974033219033
353 	 0.261201150362
354 	 0.443132825981
355 	 0.610304640342
356 	 0.042966905325
357 	 0.26423499938
358 	 0.839672647231
359 	 0.510419560571
360 	 0.759681515042
361 	 0.038331208955
362 	 0.223388035342
363 	 0.726629082419
364 	 0.199760733798
365 	 0.98473582912
366 	 0.785425120947
367 	 0.955986017876
368 	 0.55949177252
369 	 0.993164830328
370 	 0.8610970724
371 	 0.051440260935
372 	 0.086206332228
373 	 0.823142375661
374 	 0.855114764453
375 	 0.247387567153
376 	 0.523427646123
377 	 0.472467466876
378 	 0.808653365795
379 	 0.484526521578
380 	 0.540513235999
381 	 0.239286459545
382 	 0.523259362875
383 	 0.992236272251
384 	 0.116675513479
385 	 0.487451779136
386 	 0.065633795734
387 	 0.248265294716
388 	 0.572281613529
389 	 0.357767461
390 	 0.447782612422
391 	 0.950141083005
392 	 0.678118367009
393 	 0.933221112762
394 	 0.640701046639
395 	 0.170276849235
396 	 0.555228176184
397 	 0.154631610558
398 	 0.181520922843
399 	 0.63738958828
400 	 0.152703294729
401 	 0.130285401078
402 	 0.757211940557
403 	 0.396113435184
404 	 0.24407837601
405 	 0.878825060842
406 	 0.695074186979
407 	 0.432147507823
408 	 0.973921301677
409 	 0.496984494125
410 	 0.207990722356
411 	 0.947970701065
412 	 0.814238758345
413 	 0.465422389376
414 	 0.947314204087
415 	 0.060258306382
416 	 0.593554811153
417 	 0.608869556044
418 	 0.152108696232
419 	 0.655647485676
420 	 0.298017568719
421 	 0.872224671036
422 	 0.760675070358
423 	 0.316164850594
424 	 0.609060049938
425 	 0.340504784041
426 	 0.668956619655
427 	 0.568600531391
428 	 0.765811116268
429 	 0.234615225304
430 	 0.361306933436
431 	 0.463411806753
432 	 0.381467265713
433 	 0.209329430574
434 	 0.368030488492
435 	 0.024089318434
436 	 0.802517922654
437 	 0.163348387963
438 	 0.419911799508
439 	 0.281434606693
440 	 0.371499579971
441 	 0.340403871078
442 	 0.62200978744
443 	 0.083437886492
444 	 0.057279801392
445 	 0.442562129443
446 	 0.438277111432
447 	 0.367797791869
448 	 0.210361897603
449 	 0.732807693616
450 	 0.238515303875
451 	 0.168765104049
452 	 0.845717968559
453 	 0.737598250508
454 	 0.160674846205
455 	 0.381736168651
456 	 0.141705424452
457 	 0.373571068147
458 	 0.602542275284
459 	 0.065868397215
460 	 0.255323790549
461 	 0.865181364144
462 	 0.534829003263
463 	 0.469898196377
464 	 0.681494714219
465 	 0.877120456181
466 	 0.642282442595
467 	 0.950264857467
468 	 0.201967095446
469 	 0.791323301194
470 	 0.859509489714
471 	 0.25193748093
472 	 0.668059777975
473 	 0.356344003687
474 	 0.804313273985
475 	 0.356262649316
476 	 0.055674067073
477 	 0.370067810188
478 	 0.576432104083
479 	 0.519095634345
480 	 0.200848753207
481 	 0.703984093233
482 	 0.013488254314
483 	 0.036413759032
484 	 0.57181026863
485 	 0.11139960815
486 	 0.546954009415
487 	 0.225307168264
488 	 0.714543936848
489 	 0.256135752361
490 	 0.433917786231
491 	 0.041589900282
492 	 0.931516785261
493 	 0.881288131183
494 	 0.589286514546
495 	 0.271539523417
496 	 0.896823058165
497 	 0.199560841435
498 	 0.483686123433
499 	 0.547290581299
500 	 0.871415558129
501 	 0.40919749294
502 	 0.509783312857
503 	 0.56351420121
504 	 0.339659149199
505 	 0.977702905289
506 	 0.132950692398
507 	 0.332254668044
508 	 0.47613911113
509 	 0.273625876501
510 	 0.667047169801
511 	 0.083567328228
512 	 0.079961774093
513 	 0.838670021383
514 	 0.688979786012
515 	 0.032724587209
516 	 0.795611383081
517 	 0.41493558227
518 	 0.968368186033
519 	 0.717151623885
520 	 0.846261161125
521 	 0.437602347681
522 	 0.653527189652
523 	 0.872511552361
524 	 0.513908589911
525 	 0.574597187966
526 	 0.207497752
527 	 0.94977886716
528 	 0.625707431451
529 	 0.234000529663
530 	 0.591687132619
531 	 0.350898445182
532 	 0.696412885732
533 	 0.329656379573
534 	 0.606386503646
535 	 0.831427601985
536 	 0.243390827109
537 	 0.866413427957
538 	 0.263077536177
539 	 0.495489672046
540 	 0.947420980073
541 	 0.868564813934
542 	 0.386283689003
543 	 0.953159751987
544 	 0.055903642907
545 	 0.425761818007
546 	 0.581923103057
547 	 0.940288439786
548 	 0.200269595953
549 	 0.885857713998
550 	 0.435937382358
551 	 0.577441003077
552 	 0.235962593964
553 	 0.700907165731
554 	 0.513754784548
555 	 0.982348972052
556 	 0.94087701399
557 	 0.937161279786
558 	 0.642359817783
559 	 0.147459587642
560 	 0.253888461952
561 	 0.072209716919
562 	 0.352814869071
563 	 0.108846151859
564 	 0.129471890514
565 	 0.344744616498
566 	 0.157369285144
567 	 0.190893785113
568 	 0.764595641106
569 	 0.010019492527
570 	 0.75355047983
571 	 0.648631780715
572 	 0.820341815872
573 	 0.057168907161
574 	 0.480811764996
575 	 0.975378827052
576 	 0.337626874876
577 	 0.49455693074
578 	 0.637475560714
579 	 0.472054502797
580 	 0.913724099707
581 	 0.705029114726
582 	 0.280304122413
583 	 0.266017141126
584 	 0.444374835736
585 	 0.335232441349
586 	 0.53489344499
587 	 0.157944879119
588 	 0.095408275684
589 	 0.145141815239
590 	 0.356966587087
591 	 0.878686465146
592 	 0.398181415087
593 	 0.621400720645
594 	 0.852992140953
595 	 0.028813649894
596 	 0.177932591811
597 	 0.511234131648
598 	 0.608266103503
599 	 0.641590221374
600 	 0.445498644507
601 	 0.318973014219
602 	 0.952385673317
603 	 0.824161356876
604 	 0.486321866146
605 	 0.734088549102
606 	 0.383850827502
607 	 0.975040105469
608 	 0.201726702349
609 	 0.204539164128
610 	 0.092411131596
611 	 0.371056707177
612 	 0.410717665263
613 	 0.477484212517
614 	 0.319612778534
615 	 0.069108611957
616 	 0.991085177743
617 	 0.301182895488
618 	 0.873883693873
619 	 0.553554482433
620 	 0.37225947269
621 	 0.798311658986
622 	 0.83020511791
623 	 0.172686530757
624 	 0.122317248134
625 	 0.283214042264
626 	 0.675059778699
627 	 0.042869711131
628 	 0.452013019833
629 	 0.173170957834
630 	 0.428830263216
631 	 0.884789460175
632 	 0.985380336484
633 	 0.229077096916
634 	 0.841627793125
635 	 0.635022148854
636 	 0.590102535523
637 	 0.605827035873
638 	 0.457287499175
639 	 0.216602656693
640 	 0.285813118211
641 	 0.657176593434
642 	 0.759005863925
643 	 0.322963747276
644 	 0.864947109821
645 	 0.816318023376
646 	 0.254713098737
647 	 0.720286061714
648 	 0.442419298074
649 	 0.266495982871
650 	 0.825208275497
651 	 0.700444105226
652 	 0.463489233135
653 	 0.550914801616
654 	 0.763434042397
655 	 0.356165996553
656 	 0.945081379717
657 	 0.692003288801
658 	 0.782144579731
659 	 0.387262013237
660 	 0.728144895215
661 	 0.70464685225
662 	 0.388386208066
663 	 0.920083016479
664 	 0.065187665921
665 	 0.253281786405
666 	 0.437615057846
667 	 0.517994831585
668 	 0.011737054627
669 	 0.593323259936
670 	 0.27775519512
671 	 0.012065364005
672 	 0.440953652733
673 	 0.219313419357
674 	 0.133062182269
675 	 0.132572723064
676 	 0.244973991287
677 	 0.409999370447
678 	 0.136523288421
679 	 0.517726662317
680 	 0.48139006457
681 	 0.839043673711
682 	 0.505901149642
683 	 0.501646406616
684 	 0.870848187095
685 	 0.215325607665
686 	 0.883542514439
687 	 0.125073655725
688 	 0.907517846011
689 	 0.069492608724
690 	 0.863054803336
691 	 0.491264503595
692 	 0.58777083459
693 	 0.530229342703
694 	 0.720187490185
695 	 0.115107115384
696 	 0.864626206502
697 	 0.511204945399
698 	 0.067403814799
699 	 0.53018292021
700 	 0.178383493244
701 	 0.559682814821
702 	 0.95086172729
703 	 0.744985998673
704 	 0.729099182223
705 	 0.154483323996
706 	 0.920578515409
707 	 0.919486765655
708 	 0.953392567774
709 	 0.736178283173
710 	 0.528072642148
711 	 0.461721564116
712 	 0.221918610318
713 	 0.499986305141
714 	 0.217453654094
715 	 0.568014611453
716 	 0.538429028805
717 	 0.079674993399
718 	 0.880363791392
719 	 0.923126088627
720 	 0.835199253295
721 	 0.772205795661
722 	 0.571473362412
723 	 0.20442170396
724 	 0.625695909704
725 	 0.769093814191
726 	 0.352938682662
727 	 0.367471414952
728 	 0.06703242799
729 	 0.278428495737
730 	 0.007822938954
731 	 0.127125253229
732 	 0.378603202201
733 	 0.135123506014
734 	 0.437033195223
735 	 0.456914172044
736 	 0.383125937112
737 	 0.677669714821
738 	 0.105916287848
739 	 0.681100961576
740 	 0.857610880854
741 	 0.545632546099
742 	 0.643421180761
743 	 0.008861228691
744 	 0.361166602413
745 	 0.129026179255
746 	 0.915131569617
747 	 0.671263980026
748 	 0.781366601298
749 	 0.946219799489
750 	 0.999080883541
751 	 0.125872944603
752 	 0.95294021344
753 	 0.859720885995
754 	 0.03589863677
755 	 0.223043832043
756 	 0.825222380613
757 	 0.256751697144
758 	 0.604692029
759 	 0.818812864244
760 	 0.816171097587
761 	 0.490052317911
762 	 0.049887103038
763 	 0.75960517217
764 	 0.295831704759
765 	 0.358833744218
766 	 0.650243033282
767 	 0.304927717662
768 	 0.466089583158
769 	 0.834859182641
770 	 0.020292676973
771 	 0.015495000048
772 	 0.642925403435
773 	 0.046337029891
774 	 0.886638892035
775 	 0.727387071466
776 	 0.795226658502
777 	 0.801354660181
778 	 0.324680702425
779 	 0.206596497952
780 	 0.606140024779
781 	 0.54016721852
782 	 0.991762965903
783 	 0.070649478225
784 	 0.784069015604
785 	 0.898700313727
786 	 0.88227451991
787 	 0.689859244726
788 	 0.075998539235
789 	 0.322802118921
790 	 0.287799973126
791 	 0.400011548042
792 	 0.503839226486
793 	 0.026836499496
794 	 0.31325976984
795 	 0.120784001552
796 	 0.725050591644
797 	 0.427909486355
798 	 0.846599460837
799 	 0.541912409797
800 	 0.339920667951
801 	 0.258147120629
802 	 0.490346700743
803 	 0.962915716284
804 	 0.248981471892
805 	 0.772365432849
806 	 0.675416312127
807 	 0.823256797728
808 	 0.99357423844
809 	 0.482393648259
810 	 0.316808862933
811 	 0.532355213117
812 	 0.790477240503
813 	 0.766158852246
814 	 0.504771752433
815 	 0.232632714584
816 	 0.222049858215
817 	 0.781079505824
818 	 0.573496634123
819 	 0.899659602857
820 	 0.605925254164
821 	 0.083251125677
822 	 0.844433369818
823 	 0.081398759084
824 	 0.085067274745
825 	 0.495582806393
826 	 0.462916135941
827 	 0.638841798439
828 	 0.267709140338
829 	 0.033563179059
830 	 0.278248042144
831 	 0.141858433209
832 	 0.802130883641
833 	 0.53820908261
834 	 0.167259801517
835 	 0.505380677552
836 	 0.35578506653
837 	 0.249176644307
838 	 0.980804450798
839 	 0.987683118595
840 	 0.596466083344
841 	 0.849981654343
842 	 0.013706442946
843 	 0.471467817743
844 	 0.266649949726
845 	 0.241793190315
846 	 0.287508668618
847 	 0.568369431143
848 	 0.601165718285
849 	 0.984024437507
850 	 0.439071094792
851 	 0.611127490459
852 	 0.871094944045
853 	 0.768099873179
854 	 0.299469993866
855 	 0.144607603991
856 	 0.068452071909
857 	 0.109749302508
858 	 0.669084373394
859 	 0.993566383403
860 	 0.76483271011
861 	 0.215263404309
862 	 0.824330935097
863 	 0.773193793185
864 	 0.030817166214
865 	 0.246262944687
866 	 0.910711981996
867 	 0.735547019929
868 	 0.907044645127
869 	 0.384050009704
870 	 0.008551288817
871 	 0.699349714946
872 	 0.404768566989
873 	 0.768884820176
874 	 0.76622722619
875 	 0.36661099476
876 	 0.593144322369
877 	 0.898972097811
878 	 0.550618699011
879 	 0.156083116388
880 	 0.051582683965
881 	 0.010050825756
882 	 0.557170770989
883 	 0.437480986151
884 	 0.130250691398
885 	 0.920410843948
886 	 0.182288158231
887 	 0.255437510704
888 	 0.658447284444
889 	 0.189667813506
890 	 0.44935831956
891 	 0.527703664614
892 	 0.060381103824
893 	 0.592017175171
894 	 0.534856859648
895 	 0.032004026705
896 	 0.961481106256
897 	 0.915689222538
898 	 0.709747070803
899 	 0.614187563238
900 	 0.227597994825
901 	 0.851918605819
902 	 0.212821869853
903 	 0.724366509196
904 	 0.852267408269
905 	 0.803821705619
906 	 0.288375496906
907 	 0.880951923269
908 	 0.889723395836
909 	 0.039535669723
910 	 0.55392768751
911 	 0.601008499941
912 	 0.059227192592
913 	 0.007345918512
914 	 0.72410982453
915 	 0.13436879601
916 	 0.27255728053
917 	 0.91298999907
918 	 0.075088430869
919 	 0.694043723904
920 	 0.699566281057
921 	 0.810350637272
922 	 0.426778065052
923 	 0.688386566225
924 	 0.726886956389
925 	 0.288828969246
926 	 0.499533236912
927 	 0.428058428554
928 	 0.768187863039
929 	 0.073713700064
930 	 0.344486572676
931 	 0.613278596309
932 	 0.732711818376
933 	 0.393634084037
934 	 0.236852140397
935 	 0.863968847041
936 	 0.986693958935
937 	 0.005226582926
938 	 0.016226480665
939 	 0.864821764047
940 	 0.732758380583
941 	 0.28231457617
942 	 0.492682738257
943 	 0.225246655998
944 	 0.300116434461
945 	 0.869793102484
946 	 0.026080001795
947 	 0.100235849712
948 	 0.184473863551
949 	 0.918051706753
950 	 0.43019565097
951 	 0.029829761299
952 	 0.988557421007
953 	 0.588080592959
954 	 0.090136726351
955 	 0.72593943288
956 	 0.026919297002
957 	 0.581155448266
958 	 0.780191581805
959 	 0.075678832445
960 	 0.163826080629
961 	 0.999807952004
962 	 0.312181997692
963 	 0.742985309234
964 	 0.940173248606
965 	 0.89179303267
966 	 0.775395581529
967 	 0.653308447389
968 	 0.48317211039
969 	 0.74233551648
970 	 0.845664395043
971 	 0.040495549442
972 	 0.394068176552
973 	 0.406301596105
974 	 0.00738544356
975 	 0.672003690795
976 	 0.240699746951
977 	 0.767233930505
978 	 0.618149144389
979 	 0.827047935034
980 	 0.706753483805
981 	 0.941363636252
982 	 0.630668268258
983 	 0.849484650306
984 	 0.900764025602
985 	 0.949364902327
986 	 0.024466764457
987 	 0.915741882313
988 	 0.982218698531
989 	 0.948369029532
990 	 0.666713400182
991 	 0.94989740648
992 	 0.751231251139
993 	 0.288029939691
994 	 0.418828797571
995 	 0.43200454892
996 	 0.187251699078
997 	 0.033554765918
998 	 0.888172155103
999 	 0.720800145038
# END OF FILE #