PROBLEM_NAME: RAP-NC-L_0008.txt
PROBLEM_TYPE: UB
NB_RESOURCES: 10
LINEAR_TERM: 1.52775
BOUNDS SECTION: INDEX 	 UB 	 LINEAR_TERM
0 	 0.54700836 	  0.23406734
1 	 1.1606087 	  0.99536947
2 	 1.4986247 	 -0.232553
3 	 1.8227793 	  0.42388743
4 	 2.5843899 	  0.32224003
5 	 3.1647147 	 -0.78483094
6 	 3.7740148 	 -0.4073644
7 	 4.2394219 	 -0.042704622
8 	 4.6287218 	  0.34270976
9 	 4.871467 	 -0.3271321
FUNCTION PROFILE: 
0 	 0.965967015175
1 	 0.762185673073
2 	 0.250607695979
3 	 0.5120515293
4 	 0.39939532264
5 	 0.576488422751
6 	 0.671422877631
7 	 0.352520959403
8 	 0.528531281637
9 	 0.851259039435
# END OF FILE #