PROBLEM_NAME: RAP-NC-L_0403.txt
PROBLEM_TYPE: UB
NB_RESOURCES: 200
LINEAR_TERM: -22.5535
BOUNDS SECTION: INDEX 	 UB 	 LINEAR_TERM
0 	 0.66516568 	 -0.23310326
1 	 0.99552467 	  0.1782416
2 	 1.3850035 	 -0.79825937
3 	 1.8387248 	 -0.21789033
4 	 2.3231981 	  0.77810317
5 	 2.8295744 	 -0.98368647
6 	 3.1260921 	 -0.24941923
7 	 3.5875449 	 -0.28007802
8 	 4.1101154 	 -0.19184027
9 	 4.658577 	  0.44530812
10 	 5.136269 	  0.49372399
11 	 5.2975291 	 -0.19243511
12 	 5.4218404 	 -0.12796706
13 	 6.0163003 	  0.43730586
14 	 6.6177204 	 -0.017204674
15 	 7.0489598 	 -0.94142516
16 	 7.340175 	 -0.10127773
17 	 8.2138869 	  0.77447628
18 	 8.6168722 	  0.53450161
19 	 9.130462 	 -0.38905036
20 	 9.317421 	 -0.71806523
21 	 9.8157652 	  0.39476818
22 	 10.134127 	  0.19466761
23 	 10.673608 	 -0.58468722
24 	 11.075735 	 -0.82239604
25 	 11.551799 	 -0.8564088
26 	 12.008133 	  0.57913608
27 	 12.465738 	 -0.087701825
28 	 12.908728 	 -0.096925958
29 	 13.128361 	 -0.54896998
30 	 13.595845 	 -0.90027538
31 	 14.060307 	  0.58524898
32 	 14.360235 	  0.20356067
33 	 15.137261 	  0.0087889113
34 	 15.608609 	 -0.33633892
35 	 15.960166 	 -0.20051472
36 	 16.491201 	  0.14679451
37 	 16.8793 	  0.076029508
38 	 17.317931 	  0.19080727
39 	 17.878103 	 -0.14224579
40 	 18.330553 	 -0.65692619
41 	 18.830248 	 -0.66298835
42 	 19.305194 	 -0.030058292
43 	 19.922314 	  0.95888744
44 	 20.371487 	 -0.15085445
45 	 20.997327 	  0.47568495
46 	 21.598155 	 -0.91415587
47 	 21.946103 	  0.9207068
48 	 22.268384 	 -0.8565831
49 	 22.777874 	 -0.15444159
50 	 23.286355 	 -0.2588952
51 	 23.769115 	 -0.53236647
52 	 24.112179 	  0.50757168
53 	 24.537553 	  0.067084856
54 	 24.972669 	  0.09936309
55 	 25.636267 	 -0.23009096
56 	 26.281804 	  0.97189389
57 	 27.07873 	  0.75519349
58 	 27.61951 	 -0.69558955
59 	 28.306414 	  0.19680362
60 	 28.764979 	 -0.84348922
61 	 29.487488 	 -0.89810701
62 	 30.077381 	  0.02879414
63 	 30.470778 	 -0.96240046
64 	 31.050448 	  0.33863643
65 	 31.48378 	 -0.55334155
66 	 32.107803 	 -0.37278175
67 	 32.638936 	 -0.024462846
68 	 32.879948 	  0.58568737
69 	 33.424956 	 -0.36936424
70 	 33.985165 	 -0.78510407
71 	 34.301459 	  0.67310411
72 	 34.755592 	 -0.15874418
73 	 35.295686 	 -0.25517074
74 	 35.899518 	 -0.55797274
75 	 36.64994 	 -0.30832064
76 	 37.203868 	  0.088967704
77 	 37.595553 	 -0.45124948
78 	 38.229752 	 -0.75110814
79 	 38.98914 	  0.6147908
80 	 39.548415 	 -0.40479094
81 	 40.055402 	  0.99952705
82 	 40.549674 	 -0.22963494
83 	 41.173388 	  0.18410896
84 	 41.561302 	  0.28984504
85 	 41.748573 	 -0.43561193
86 	 42.280241 	  0.5824719
87 	 42.737014 	  0.8264749
88 	 43.118796 	  0.92606062
89 	 43.847178 	 -0.97984243
90 	 44.396294 	 -0.46673795
91 	 44.765951 	 -0.97555686
92 	 45.069217 	  0.03946889
93 	 45.769112 	 -0.95312839
94 	 46.483003 	 -0.24470325
95 	 46.902097 	 -0.64810999
96 	 47.528303 	 -0.40450266
97 	 47.940593 	 -0.35878295
98 	 48.607966 	 -0.59612778
99 	 49.101588 	 -0.7366856
100 	 49.789017 	  0.86782778
101 	 50.210962 	  0.49389433
102 	 50.751539 	  0.15028037
103 	 51.274267 	 -0.81349068
104 	 51.672434 	 -0.14442854
105 	 52.158583 	  0.76271667
106 	 52.682076 	 -0.55032357
107 	 52.947115 	 -0.23209445
108 	 53.140525 	  0.2118177
109 	 53.804996 	 -0.20466089
110 	 54.372503 	  0.80061338
111 	 54.876093 	 -0.38142993
112 	 55.459089 	  0.83944893
113 	 56.121849 	  0.84892375
114 	 56.847469 	  0.94961699
115 	 57.297916 	 -0.62062824
116 	 57.818722 	  0.5812513
117 	 58.246535 	 -0.78404484
118 	 58.473223 	 -0.83977531
119 	 59.011882 	  0.58271125
120 	 59.382014 	 -0.13163539
121 	 59.846386 	 -0.1361287
122 	 60.504926 	  0.74876578
123 	 61.035581 	 -0.58014889
124 	 61.292605 	  0.44783578
125 	 61.848056 	  0.23025105
126 	 62.550185 	 -0.49570399
127 	 63.010715 	  0.4279671
128 	 63.212978 	  0.56887553
129 	 63.841959 	 -0.44040534
130 	 64.574153 	  0.42234071
131 	 64.854864 	  0.29575459
132 	 65.272248 	 -0.47053183
133 	 65.737014 	 -0.20620679
134 	 66.497236 	  0.33640871
135 	 67.060301 	 -0.3191884
136 	 67.625537 	  0.92832171
137 	 68.09984 	 -0.74055981
138 	 68.768159 	  0.18674944
139 	 69.551023 	 -0.42982726
140 	 70.173547 	  0.58512491
141 	 70.865577 	  0.99018909
142 	 71.428389 	 -0.27979585
143 	 72.014961 	  0.55004833
144 	 72.468363 	  0.71100167
145 	 73.060464 	 -0.32690551
146 	 73.601777 	 -0.64065935
147 	 74.153639 	 -0.99503591
148 	 74.664154 	  0.38567395
149 	 75.442657 	 -0.31627045
150 	 76.111227 	  0.31608734
151 	 76.813319 	  0.36073894
152 	 77.404793 	  0.071047349
153 	 77.827844 	  0.21343671
154 	 78.127829 	 -0.089432875
155 	 78.951291 	  0.15558244
156 	 79.314852 	 -0.32244158
157 	 79.809732 	  0.68999643
158 	 80.079586 	  0.16060079
159 	 80.618803 	  0.50377865
160 	 80.920722 	 -0.12291941
161 	 81.575411 	  0.65797063
162 	 82.053189 	  0.28526369
163 	 82.524959 	 -0.2016613
164 	 82.974879 	 -0.46541428
165 	 83.40478 	  0.61044557
166 	 83.930964 	 -0.079441161
167 	 84.448603 	  0.30300817
168 	 84.936527 	 -0.011943953
169 	 85.446895 	  0.2284153
170 	 85.665334 	  0.73292083
171 	 86.099744 	  0.73967151
172 	 86.48765 	 -0.76757353
173 	 87.132625 	  0.8281338
174 	 87.538505 	 -0.94940567
175 	 88.147772 	 -0.65389777
176 	 88.642282 	  0.057419424
177 	 89.261519 	 -0.17138948
178 	 89.807714 	  0.15850742
179 	 90.204985 	  0.83069102
180 	 90.825709 	 -0.32364317
181 	 91.344228 	  0.91218347
182 	 91.594489 	 -0.53693198
183 	 91.908908 	 -0.92776604
184 	 92.383438 	  0.15985021
185 	 93.134142 	 -0.53506042
186 	 93.65288 	  0.73202995
187 	 94.174698 	 -0.61090637
188 	 94.610962 	 -0.18974621
189 	 95.219796 	 -0.70918077
190 	 95.494299 	 -0.70793267
191 	 96.251585 	  0.030391801
192 	 96.592627 	  0.74620123
193 	 97.392648 	 -0.78240337
194 	 97.953972 	 -0.37539678
195 	 98.480541 	 -0.97566384
196 	 98.668294 	 -0.60742827
197 	 99.006743 	  0.92221978
198 	 99.505916 	 -0.6292854
199 	 97.963303 	 -0.35744168
FUNCTION PROFILE: 
0 	 0.919380639895
1 	 0.875141570706
2 	 0.782419266303
3 	 0.367066529909
4 	 0.258458031621
5 	 0.71910535118
6 	 0.354352859984
7 	 0.733531544433
8 	 0.284386577286
9 	 0.53335569993
10 	 0.228349095886
11 	 0.923988653184
12 	 0.215945168153
13 	 0.447228507424
14 	 0.029173330825
15 	 0.340569231836
16 	 0.715157046847
17 	 0.846213180647
18 	 0.20409707236
19 	 0.336874464583
20 	 0.185721815447
21 	 0.022208234299
22 	 0.52758936015
23 	 0.960166950732
24 	 0.073632392215
25 	 0.503871808219
26 	 0.496184856119
27 	 0.681513989536
28 	 0.640824984014
29 	 0.426169326962
30 	 0.27664735876
31 	 0.13139240346
32 	 0.324137783052
33 	 0.469749719433
34 	 0.542819970414
35 	 0.936570324588
36 	 0.298533360613
37 	 0.978849764054
38 	 0.033467815851
39 	 0.140471179958
40 	 0.732671696821
41 	 0.952781398033
42 	 0.26044384387
43 	 0.267835272867
44 	 0.134837123847
45 	 0.423315976505
46 	 0.070741980153
47 	 0.74238549171
48 	 0.875842607121
49 	 0.107605362106
50 	 0.791342680362
51 	 0.807465612354
52 	 0.626257699837
53 	 0.657018643331
54 	 0.302716444842
55 	 0.63153413322
56 	 0.35086087817
57 	 0.04763943917
58 	 0.976425265408
59 	 0.316549768886
60 	 0.243671852392
61 	 0.400361965756
62 	 0.980189244685
63 	 0.748731462099
64 	 0.050135581613
65 	 0.887404966073
66 	 0.816214385021
67 	 0.967592599397
68 	 0.659853145134
69 	 0.618194854763
70 	 0.444241560441
71 	 0.892430315536
72 	 0.583640452354
73 	 0.385229493134
74 	 0.017300765592
75 	 0.555589712776
76 	 0.880818385916
77 	 0.106320876698
78 	 0.244920934279
79 	 0.649756070756
80 	 0.439708438244
81 	 0.159229698126
82 	 0.579420479763
83 	 0.413026018916
84 	 0.968632974645
85 	 0.336942526475
86 	 0.733472543707
87 	 0.107387508088
88 	 0.023066320677
89 	 0.272121753312
90 	 0.280162960985
91 	 0.968053741646
92 	 0.297662252992
93 	 0.800493013062
94 	 0.656921599338
95 	 0.320627762861
96 	 0.871228480126
97 	 0.149189234475
98 	 0.154936819372
99 	 0.489579115905
100 	 0.375966437775
101 	 0.120994632291
102 	 0.9202932389
103 	 0.067482605708
104 	 0.873755442178
105 	 0.777290434234
106 	 0.215117681062
107 	 0.353992005431
108 	 0.67036002869
109 	 0.750173808575
110 	 0.08909319515
111 	 0.767805603943
112 	 0.422496626804
113 	 0.309233539431
114 	 0.888148359859
115 	 0.833491872655
116 	 0.100564275656
117 	 0.58911783448
118 	 0.161975546849
119 	 0.774949709719
120 	 0.254955989053
121 	 0.083936086862
122 	 0.842778683062
123 	 0.121360694364
124 	 0.354821746986
125 	 0.35935794907
126 	 0.325856483179
127 	 0.865781307897
128 	 0.948261363756
129 	 0.270562843912
130 	 0.528453789195
131 	 0.114696112967
132 	 0.495934360914
133 	 0.908291581325
134 	 0.137788793321
135 	 0.535806469308
136 	 0.79034154875
137 	 0.195511456416
138 	 0.310642235005
139 	 0.672781691387
140 	 0.345258480446
141 	 0.194593014787
142 	 0.169555456059
143 	 0.912631015292
144 	 0.494166085273
145 	 0.806946091534
146 	 0.866223009222
147 	 0.768577973589
148 	 0.063802669048
149 	 0.655560179671
150 	 0.590040016572
151 	 0.264980285016
152 	 0.402574029445
153 	 0.816909902047
154 	 0.388295154741
155 	 0.544701177232
156 	 0.887220186169
157 	 0.131290604395
158 	 0.493502530145
159 	 0.455331192957
160 	 0.356840558799
161 	 0.319491243745
162 	 0.54811837802
163 	 0.615633922997
164 	 0.998786960228
165 	 0.881802111166
166 	 0.122000119422
167 	 0.374277095748
168 	 0.755818191256
169 	 0.622717736887
170 	 0.77987413767
171 	 0.64025999094
172 	 0.264779624769
173 	 0.579994664827
174 	 0.510489642071
175 	 0.676214984926
176 	 0.403354872864
177 	 0.726566754514
178 	 0.793546327888
179 	 0.637790302893
180 	 0.741589666985
181 	 0.308437735665
182 	 0.511491958804
183 	 0.958178779023
184 	 0.250013319704
185 	 0.106173790223
186 	 0.34073977562
187 	 0.362186618403
188 	 0.649997072881
189 	 0.860663138284
190 	 0.691197055173
191 	 0.52733113091
192 	 0.05968276852
193 	 0.734725309422
194 	 0.575858678162
195 	 0.344509186977
196 	 0.644868012205
197 	 0.429994097589
198 	 0.658116613035
199 	 0.568925768789
# END OF FILE #