PROBLEM_NAME: RAP-NC-L_0202.txt
PROBLEM_TYPE: UB
NB_RESOURCES: 50
LINEAR_TERM: 8.73729
BOUNDS SECTION: INDEX 	 UB 	 LINEAR_TERM
0 	 0.51581839 	 -0.65606811
1 	 1.2201051 	  0.19094541
2 	 1.4108735 	  0.84386805
3 	 2.1121579 	  0.28293174
4 	 2.6590574 	  0.15536505
5 	 2.9431504 	  0.91638202
6 	 3.4480817 	 -0.91000583
7 	 4.1895029 	  0.86359261
8 	 4.5980413 	  0.99475479
9 	 4.8557689 	 -0.77678519
10 	 5.4215674 	 -0.26352316
11 	 5.998171 	 -0.91710358
12 	 6.791719 	  0.82291996
13 	 7.2458155 	  0.47396971
14 	 7.4459328 	  0.82805036
15 	 7.9820613 	 -0.24706037
16 	 8.6971209 	 -0.62563842
17 	 9.2696274 	 -0.86634991
18 	 9.7168298 	  0.7108115
19 	 10.227298 	  0.67176143
20 	 10.902247 	  0.73600993
21 	 11.370838 	 -0.028703676
22 	 11.985081 	  0.58887243
23 	 12.444161 	 -0.83785983
24 	 13.197014 	 -0.40184958
25 	 13.605016 	 -0.85747799
26 	 13.963691 	 -0.16839529
27 	 14.364392 	 -0.50139103
28 	 14.564444 	  0.48911472
29 	 15.351699 	 -0.4427377
30 	 15.705595 	 -0.56204751
31 	 16.415384 	  0.25155798
32 	 16.902822 	  0.72174612
33 	 17.233217 	  0.21155354
34 	 17.713336 	  0.4802613
35 	 18.310246 	 -0.14334922
36 	 18.880792 	  0.96729624
37 	 19.540195 	 -0.82437865
38 	 20.024305 	 -0.87374286
39 	 20.517568 	  0.53229785
40 	 21.094422 	 -0.0088509547
41 	 21.774896 	  0.24978369
42 	 22.204369 	 -0.65991536
43 	 22.837051 	 -0.73382685
44 	 23.505728 	 -0.23885225
45 	 23.86717 	  0.17541399
46 	 24.411104 	  0.24946738
47 	 24.600561 	  0.69593617
48 	 25.01071 	 -0.65411051
49 	 24.656938 	  0.58079827
FUNCTION PROFILE: 
0 	 0.655450045985
1 	 0.957377089377
2 	 0.151794418754
3 	 0.971834519739
4 	 0.796096087726
5 	 0.213771556844
6 	 0.756842660491
7 	 0.317906993059
8 	 0.176034240421
9 	 0.116658851712
10 	 0.611151892864
11 	 0.562216642401
12 	 0.5755368736
13 	 0.117883661718
14 	 0.688894448398
15 	 0.712190073057
16 	 0.783711355459
17 	 0.254717570065
18 	 0.455784639068
19 	 0.517567104498
20 	 0.316428177304
21 	 0.80115431711
22 	 0.31661654833
23 	 0.587975792542
24 	 0.306201172282
25 	 0.79386867771
26 	 0.900473717615
27 	 0.517183432559
28 	 0.071818901575
29 	 0.805009538648
30 	 0.471636264241
31 	 0.745308401124
32 	 0.232281698428
33 	 0.477198031295
34 	 0.72185575357
35 	 0.504309899076
36 	 0.69368929083
37 	 0.442553488648
38 	 0.708309495129
39 	 0.769959611419
40 	 0.406006684499
41 	 0.054899610919
42 	 0.424727751853
43 	 0.492680926067
44 	 0.056617183703
45 	 0.587447162162
46 	 0.794064683048
47 	 0.577848528803
48 	 0.439072436942
49 	 0.654100200189
# END OF FILE #