PROBLEM_NAME: RAP-NC-L_0603.txt
PROBLEM_TYPE: UB
NB_RESOURCES: 1000
LINEAR_TERM: -311.586
BOUNDS SECTION: INDEX 	 UB 	 LINEAR_TERM
0 	 0.4632632 	 -0.62096208
1 	 0.93597291 	 -0.086310126
2 	 1.5486502 	 -0.39618144
3 	 1.9600011 	 -0.13539368
4 	 2.3306973 	 -0.94668372
5 	 2.7886803 	  0.84346118
6 	 3.4828651 	  0.087785437
7 	 3.8979797 	 -0.095891007
8 	 4.4674021 	  0.58036672
9 	 5.0814525 	 -0.10896274
10 	 5.623396 	  0.63625604
11 	 6.1775491 	  0.21683842
12 	 6.708425 	 -0.53828442
13 	 7.3572241 	  0.63922773
14 	 7.8674764 	 -0.27426791
15 	 8.5438111 	  0.60294298
16 	 9.026062 	 -0.65579766
17 	 9.6084139 	 -0.78387151
18 	 10.154398 	 -0.88273481
19 	 10.706594 	 -0.28928239
20 	 11.179869 	  0.59428539
21 	 11.635657 	  0.43257313
22 	 12.282917 	 -0.59039344
23 	 12.882847 	 -0.35804675
24 	 13.198523 	  0.017939282
25 	 13.74279 	 -0.42484706
26 	 14.185446 	 -0.2749715
27 	 14.649376 	  0.060803958
28 	 15.176167 	 -0.69359151
29 	 15.379375 	  0.30873417
30 	 16.053762 	  0.24502532
31 	 16.546838 	 -0.089463304
32 	 16.752873 	  0.83861689
33 	 17.221585 	  0.32957009
34 	 17.641173 	  0.27932775
35 	 18.266425 	 -0.73055577
36 	 18.558873 	  0.78201273
37 	 18.943014 	 -0.77679541
38 	 19.257357 	  0.82356871
39 	 19.838412 	 -0.50375763
40 	 20.340234 	  0.45084319
41 	 21.022013 	 -0.57998488
42 	 21.7804 	 -0.56007104
43 	 22.29152 	 -0.85803704
44 	 23.062505 	  0.079002473
45 	 23.688844 	  0.041214194
46 	 24.149256 	 -0.91432355
47 	 24.717092 	 -0.43553624
48 	 25.048922 	  0.43806911
49 	 25.729597 	  0.75517588
50 	 26.25054 	  0.36475195
51 	 26.639722 	 -0.30712483
52 	 27.248548 	 -0.27992254
53 	 27.562242 	 -0.83283793
54 	 27.955161 	  0.63097569
55 	 28.801446 	  0.0099592576
56 	 29.332429 	 -0.67485177
57 	 29.857978 	  0.37248128
58 	 30.334668 	 -0.64254772
59 	 30.588762 	  0.24368943
60 	 31.183756 	 -0.78260317
61 	 31.718483 	 -0.22107218
62 	 32.330568 	  0.85852309
63 	 32.723793 	 -0.75540383
64 	 33.275208 	 -0.59091039
65 	 34.043247 	  0.60834636
66 	 34.465338 	  0.73686947
67 	 35.103278 	  0.77849677
68 	 35.823497 	 -0.053645749
69 	 36.483232 	 -0.66559235
70 	 37.024741 	  0.93648574
71 	 37.428892 	  0.80883248
72 	 38.172061 	 -0.43308881
73 	 38.517802 	  0.2682764
74 	 39.004778 	  0.59763446
75 	 39.281025 	  0.12664093
76 	 40.098456 	  0.83960163
77 	 40.709869 	 -0.45366078
78 	 41.359361 	 -0.27396601
79 	 41.808265 	 -0.010372454
80 	 42.363817 	  0.17840786
81 	 43.066773 	 -0.851038
82 	 43.449983 	  0.15181687
83 	 43.816847 	 -0.73621788
84 	 44.274246 	 -0.43221543
85 	 45.020581 	  0.90522004
86 	 45.344007 	 -0.027960922
87 	 45.82324 	 -0.11742399
88 	 46.125063 	  0.81268704
89 	 46.517991 	 -0.53208791
90 	 47.098762 	 -0.31261983
91 	 47.66393 	  0.13588497
92 	 48.294354 	 -0.072142531
93 	 48.81268 	  0.49054281
94 	 49.361823 	 -0.21379674
95 	 50.177807 	 -0.19629859
96 	 50.75176 	 -0.34413378
97 	 51.312757 	 -0.3372532
98 	 51.571718 	  0.17719297
99 	 51.921939 	 -0.3547054
100 	 52.334373 	 -0.1453254
101 	 52.651937 	  0.64291901
102 	 53.411451 	 -0.88061085
103 	 54.070484 	 -0.60418564
104 	 54.706596 	  0.67939671
105 	 55.200572 	  0.52832
106 	 55.675264 	  0.54345694
107 	 56.267951 	  0.37065381
108 	 56.481292 	 -0.28312761
109 	 57.219609 	  0.73173945
110 	 57.710816 	 -0.57940696
111 	 58.240945 	  0.67420697
112 	 58.636865 	  0.18757009
113 	 59.203898 	  0.68381089
114 	 59.748879 	 -0.62584758
115 	 60.459347 	 -0.41534109
116 	 61.025696 	  0.081079709
117 	 61.428428 	  0.38860391
118 	 61.958087 	 -0.36949175
119 	 62.467472 	  0.010661916
120 	 62.622716 	  0.091622596
121 	 63.191856 	  0.48188706
122 	 63.462931 	 -0.61648349
123 	 63.895069 	  0.29357008
124 	 64.406121 	  0.26411935
125 	 64.83121 	 -0.10797829
126 	 65.17201 	  0.34297912
127 	 65.55137 	  0.77891367
128 	 66.241953 	  0.14517773
129 	 66.736098 	  0.49816034
130 	 67.130893 	 -0.61848446
131 	 67.56527 	 -0.34431079
132 	 68.329264 	 -0.70465352
133 	 69.034563 	  0.53351287
134 	 69.45601 	 -0.34630924
135 	 70.020082 	 -0.2632284
136 	 70.665136 	 -0.18783691
137 	 71.179478 	  0.14585455
138 	 71.754493 	 -0.55986975
139 	 71.944874 	  0.24363454
140 	 72.596534 	 -0.25116489
141 	 72.886915 	  0.57944242
142 	 73.258474 	  0.74302499
143 	 74.057147 	  0.70393392
144 	 74.543048 	 -0.0041835561
145 	 75.033186 	  0.72800033
146 	 75.423562 	  0.24011131
147 	 75.958372 	  0.13073575
148 	 76.377452 	  0.21919574
149 	 76.898732 	 -0.44893471
150 	 77.322941 	  0.93316791
151 	 78.060705 	 -0.031490961
152 	 78.547366 	  0.30859369
153 	 78.88974 	 -0.16315452
154 	 79.540455 	  0.94147004
155 	 80.009445 	  0.70528606
156 	 80.567161 	 -0.11887817
157 	 81.279195 	  0.85946459
158 	 81.772017 	 -0.06428372
159 	 82.075676 	 -0.96745008
160 	 82.496353 	  0.54382448
161 	 83.024452 	  0.1073895
162 	 83.734193 	  0.93396309
163 	 84.454286 	  0.066846138
164 	 84.884613 	  0.29858635
165 	 85.63359 	 -0.24883708
166 	 86.178657 	  0.28614625
167 	 86.757612 	 -0.13432253
168 	 87.273223 	  0.7335861
169 	 87.811327 	 -0.39964525
170 	 88.415664 	  0.78687967
171 	 88.931221 	 -0.15911431
172 	 89.481831 	  0.85327667
173 	 90.366312 	 -0.13988084
174 	 90.794107 	 -0.34838662
175 	 91.195988 	  0.20405649
176 	 91.774719 	 -0.013303144
177 	 92.390273 	  0.96032097
178 	 92.678317 	 -0.89470438
179 	 93.179207 	 -0.68729976
180 	 93.577397 	  0.5831283
181 	 93.928011 	  0.098551599
182 	 94.319037 	 -0.3393951
183 	 95.027048 	 -0.44674257
184 	 95.343826 	 -0.46363235
185 	 95.824733 	  0.63518537
186 	 96.552547 	  0.73154572
187 	 96.850683 	 -0.07212104
188 	 97.691512 	 -0.42529315
189 	 98.194914 	 -0.63242648
190 	 98.43443 	 -0.21086811
191 	 98.7136 	 -0.99168197
192 	 99.404164 	  0.8733574
193 	 100.01639 	 -0.9619807
194 	 100.16167 	  0.5193096
195 	 100.65081 	  0.60192416
196 	 100.9887 	 -0.41643232
197 	 101.47961 	  0.19135442
198 	 101.78842 	 -0.85864243
199 	 102.552 	 -0.38242358
200 	 103.00241 	  0.38476725
201 	 103.26712 	 -0.26896369
202 	 103.85323 	  0.54287377
203 	 104.26825 	  0.87843604
204 	 104.78498 	  0.83457848
205 	 105.28698 	 -0.87044598
206 	 105.41484 	  0.72127862
207 	 105.79751 	  0.85563452
208 	 106.38279 	 -0.35457756
209 	 107.1553 	  0.66335829
210 	 107.82072 	  0.68566377
211 	 108.11001 	  0.94258824
212 	 108.53724 	  0.33568698
213 	 109.05522 	  0.0080347642
214 	 109.59923 	 -0.38151136
215 	 110.06171 	  0.38367023
216 	 110.61984 	 -0.55934048
217 	 111.30366 	  0.80068539
218 	 111.85314 	  0.94131309
219 	 112.41025 	 -0.6381531
220 	 112.86094 	 -0.056731535
221 	 113.07717 	 -0.16441652
222 	 113.4582 	 -0.56369563
223 	 114.10782 	 -0.51141378
224 	 114.52889 	  0.2844338
225 	 115.01058 	 -0.82004898
226 	 115.73527 	  0.77623825
227 	 116.13793 	 -0.79639365
228 	 116.75695 	  0.17389756
229 	 117.38065 	 -0.85504141
230 	 118.18832 	  0.073723614
231 	 118.79817 	  0.39490086
232 	 119.30051 	  0.72408101
233 	 120.05249 	  0.21872167
234 	 120.56033 	  0.88587594
235 	 121.02843 	 -0.84937865
236 	 121.51564 	 -0.33423948
237 	 121.98051 	 -0.96912146
238 	 122.58177 	 -0.81857632
239 	 123.11997 	  0.34176367
240 	 123.67224 	 -0.061359932
241 	 124.05133 	  0.13147364
242 	 124.54824 	  0.090829885
243 	 124.93797 	 -0.47486097
244 	 125.69315 	 -0.30842703
245 	 126.06164 	  0.81016703
246 	 126.843 	  0.012798311
247 	 127.37258 	  0.04590243
248 	 128.02577 	  0.74858624
249 	 128.70578 	 -0.4644277
250 	 129.1473 	 -0.17345158
251 	 129.71094 	 -0.021934915
252 	 130.29363 	  0.11367433
253 	 130.93974 	  0.8515132
254 	 131.64406 	  0.81729918
255 	 132.1039 	  0.75493731
256 	 132.50483 	  0.66288486
257 	 132.98992 	  0.36271588
258 	 133.46151 	  0.17909872
259 	 133.92243 	 -0.86003149
260 	 134.23413 	  0.065056614
261 	 134.53698 	  0.05493298
262 	 134.98427 	 -0.656461
263 	 135.49427 	 -0.20310245
264 	 136.21847 	  0.620977
265 	 136.7408 	 -0.78321447
266 	 137.24173 	 -0.26905035
267 	 137.87012 	  0.91925617
268 	 138.62379 	 -0.33911256
269 	 139.20623 	 -0.38971031
270 	 139.64813 	  0.024364216
271 	 140.05224 	  0.88534
272 	 140.61373 	  0.17719599
273 	 141.13362 	 -0.87931425
274 	 141.65743 	  0.24904314
275 	 142.07246 	 -0.34922117
276 	 142.41348 	  0.33817308
277 	 142.92453 	 -0.54559194
278 	 143.61773 	  0.53025575
279 	 144.08394 	  0.37592941
280 	 144.49795 	 -0.56551867
281 	 144.96973 	 -0.99444724
282 	 145.5592 	  0.55491061
283 	 146.14039 	  0.86086211
284 	 146.42985 	  0.54175294
285 	 146.93772 	  0.25086676
286 	 147.2907 	  0.79982709
287 	 147.86285 	 -0.58163407
288 	 148.15275 	  0.8321293
289 	 148.60044 	 -0.77791371
290 	 148.97014 	 -0.94883015
291 	 149.5929 	 -0.53027886
292 	 150.15979 	  0.96211739
293 	 150.95706 	  0.33809513
294 	 151.75813 	 -0.2731344
295 	 152.27321 	  0.099864699
296 	 153.14847 	 -0.63739822
297 	 153.6594 	  0.3847207
298 	 153.91989 	  0.73701155
299 	 154.53758 	 -0.25311922
300 	 155.33249 	  0.34416295
301 	 155.9859 	  0.14973497
302 	 156.23204 	  0.80749422
303 	 157.09948 	 -0.26985069
304 	 157.82199 	 -0.60729175
305 	 158.28906 	  0.5958702
306 	 158.85787 	 -0.57010682
307 	 159.3993 	  0.28499292
308 	 160.18208 	 -0.55062848
309 	 160.75005 	  0.72564897
310 	 161.02027 	 -0.51238026
311 	 161.16046 	  0.85874754
312 	 161.78137 	 -0.30317589
313 	 162.24905 	 -0.35047201
314 	 162.75673 	 -0.8540846
315 	 163.40096 	  0.85042681
316 	 163.86617 	 -0.53776651
317 	 164.49334 	  0.35571368
318 	 164.73706 	 -0.46805839
319 	 165.30419 	 -0.49032001
320 	 165.97719 	 -0.99325294
321 	 166.62315 	 -0.76346764
322 	 166.97478 	 -0.31648439
323 	 167.76876 	  0.69764731
324 	 168.45365 	 -0.05395821
325 	 168.94645 	  0.54230753
326 	 169.48383 	 -0.51724888
327 	 169.79887 	 -0.96070551
328 	 170.58463 	  0.093288642
329 	 170.95684 	 -0.77339766
330 	 171.55071 	  0.18433129
331 	 172.09408 	 -0.76574919
332 	 172.7281 	 -0.33648048
333 	 173.2598 	  0.1648108
334 	 173.83079 	 -0.66718557
335 	 174.5143 	 -0.27066603
336 	 175.32816 	  0.2409444
337 	 175.86645 	  0.94574058
338 	 176.30474 	 -0.068498409
339 	 176.77903 	 -0.8955692
340 	 177.42409 	 -0.95647376
341 	 177.75479 	  0.205438
342 	 178.14321 	  0.70032844
343 	 178.42933 	  0.84961743
344 	 178.86211 	 -0.82621288
345 	 179.59745 	 -0.25972671
346 	 180.12742 	 -0.51455011
347 	 180.68858 	 -0.77839278
348 	 181.48611 	 -0.32773192
349 	 182.22748 	 -0.23654783
350 	 182.71409 	  0.79039771
351 	 183.15405 	  0.5224676
352 	 183.63867 	 -0.64694767
353 	 184.27412 	  0.47123043
354 	 184.79131 	 -0.73660134
355 	 185.30518 	  0.49790598
356 	 185.99597 	  0.57110764
357 	 186.5229 	 -0.40892739
358 	 186.72792 	 -0.5481379
359 	 187.02727 	  0.070687242
360 	 187.62351 	 -0.49317012
361 	 188.26916 	  0.85124609
362 	 188.63398 	 -0.79380754
363 	 189.25962 	  0.2883359
364 	 189.76385 	  0.78507052
365 	 190.28822 	 -0.8460239
366 	 191.14192 	 -0.47462896
367 	 191.4728 	 -0.27644996
368 	 191.69111 	 -0.83838511
369 	 192.4242 	  0.42177389
370 	 193.03323 	  0.35731488
371 	 193.28124 	 -0.55424152
372 	 193.65379 	 -0.51572585
373 	 194.47471 	 -0.29519065
374 	 195.15044 	  0.091790674
375 	 195.32839 	 -0.9341258
376 	 195.93118 	 -0.86844208
377 	 196.57583 	  0.95399109
378 	 197.07194 	  0.94649595
379 	 197.55537 	 -0.34736122
380 	 197.88884 	  0.16199296
381 	 198.42396 	  0.73805849
382 	 198.95217 	 -0.50720181
383 	 199.62332 	 -0.91755437
384 	 200.20696 	  0.58393656
385 	 200.80963 	 -0.90743503
386 	 201.2404 	 -0.076682903
387 	 201.72961 	 -0.56595994
388 	 202.19135 	 -0.082481054
389 	 202.77605 	 -0.67597148
390 	 203.24853 	 -0.090281013
391 	 204.0373 	 -0.59031491
392 	 204.49886 	  0.97454997
393 	 204.97341 	  0.26004232
394 	 205.79429 	  0.10068329
395 	 206.31489 	 -0.29080935
396 	 206.9916 	  0.41789358
397 	 207.72418 	  0.16815816
398 	 208.37554 	  0.029341392
399 	 208.85611 	  0.82215471
400 	 209.52021 	  0.54488375
401 	 210.08684 	  0.80828124
402 	 210.38202 	 -0.40711177
403 	 210.79255 	 -0.16498885
404 	 211.59429 	 -0.38078618
405 	 212.37553 	 -0.55428037
406 	 213.06499 	  0.71747878
407 	 213.56069 	 -0.84019182
408 	 214.20705 	 -0.81101103
409 	 214.75801 	  0.94670542
410 	 215.26269 	 -0.83138937
411 	 215.98475 	  0.62182368
412 	 216.5685 	  0.72658707
413 	 216.90387 	 -0.44154143
414 	 217.33845 	  0.98849068
415 	 217.95632 	 -0.63974554
416 	 218.15513 	  0.55205608
417 	 218.67036 	 -0.98058702
418 	 218.97013 	 -0.12935719
419 	 219.42901 	 -0.23902128
420 	 219.99904 	 -0.99193602
421 	 220.54685 	 -0.39649797
422 	 221.13545 	  0.30332539
423 	 221.66487 	 -0.32911621
424 	 221.98502 	  0.18562706
425 	 222.73493 	 -0.3101415
426 	 223.45991 	  0.72289256
427 	 223.95919 	 -0.45904052
428 	 224.83109 	  0.71863126
429 	 225.49994 	  0.079434057
430 	 226.05108 	 -0.50910372
431 	 226.81372 	  0.46676028
432 	 227.46783 	 -0.5485923
433 	 228.02133 	 -0.58504788
434 	 228.46971 	 -0.46086775
435 	 228.85592 	 -0.33780288
436 	 229.00786 	 -0.16045896
437 	 229.59074 	  0.55805253
438 	 230.33731 	  0.86473707
439 	 230.89986 	  0.71919397
440 	 231.67151 	  0.68611512
441 	 232.03898 	 -0.67248317
442 	 232.55489 	 -0.27179825
443 	 233.15855 	 -0.81304491
444 	 233.55765 	 -0.36340473
445 	 234.0808 	 -0.94090946
446 	 234.69668 	  0.83109869
447 	 235.02988 	 -0.049379394
448 	 235.78019 	  0.15831413
449 	 236.45311 	  0.39127093
450 	 237.0331 	  0.77621148
451 	 237.58183 	  0.0025756344
452 	 238.11269 	 -0.81743493
453 	 238.61715 	 -0.23274744
454 	 239.16377 	 -0.084695932
455 	 239.675 	 -0.7167816
456 	 240.11537 	 -0.28297254
457 	 240.802 	 -0.9237764
458 	 241.14904 	  0.7829331
459 	 241.93895 	  0.46069344
460 	 242.42873 	 -0.74917396
461 	 243.23877 	  0.51008367
462 	 243.83833 	  0.95197449
463 	 244.409 	 -0.28285796
464 	 244.99437 	  0.79038432
465 	 245.39475 	 -0.38597925
466 	 245.56443 	  0.40706411
467 	 246.07502 	  0.12540513
468 	 246.81017 	  0.14758876
469 	 247.27919 	  0.25319426
470 	 247.72688 	 -0.55475523
471 	 248.29514 	 -0.58290229
472 	 248.60368 	  0.20822515
473 	 249.01166 	  0.072756227
474 	 249.46325 	 -0.24850208
475 	 249.65641 	  0.47456583
476 	 250.15576 	 -0.59709796
477 	 250.68446 	 -0.10913117
478 	 251.28708 	 -0.65877784
479 	 251.4595 	  0.89919456
480 	 251.81591 	 -0.58478169
481 	 252.06466 	  0.46527201
482 	 252.71821 	  0.45755473
483 	 253.38722 	 -0.47391555
484 	 253.86801 	  0.48502031
485 	 254.45351 	 -0.59196634
486 	 254.94247 	  0.26489699
487 	 255.21743 	  0.91620218
488 	 255.79611 	  0.11683147
489 	 256.26517 	  0.96636964
490 	 256.7594 	 -0.64901125
491 	 257.06101 	  0.33049875
492 	 257.50702 	 -0.9738782
493 	 258.15246 	  0.66618868
494 	 258.77965 	 -0.78032165
495 	 259.19432 	 -0.84969111
496 	 259.72816 	  0.79777974
497 	 260.14877 	 -0.46100446
498 	 260.58036 	  0.035227335
499 	 261.02994 	 -0.53262075
500 	 261.40651 	  0.93245166
501 	 262.01573 	  0.63190992
502 	 262.53978 	 -0.95937738
503 	 263.34125 	 -0.77232985
504 	 264.06352 	 -0.88499071
505 	 264.25299 	  0.31489311
506 	 264.794 	  0.6449629
507 	 265.58904 	  0.91680645
508 	 265.87435 	 -0.15149831
509 	 266.37431 	 -0.36347886
510 	 266.8781 	  0.74501288
511 	 267.14757 	 -0.62160706
512 	 267.71598 	  0.87135328
513 	 268.40814 	 -0.85325741
514 	 268.88582 	  0.59468489
515 	 269.2111 	  0.42420505
516 	 269.67475 	  0.85546006
517 	 270.32236 	  0.55305167
518 	 270.5978 	  0.070471194
519 	 271.03418 	  0.82108545
520 	 271.58682 	  0.49128119
521 	 272.0126 	  0.39555032
522 	 272.49998 	  0.77777058
523 	 273.13102 	  0.097773686
524 	 273.77936 	  0.69568878
525 	 274.2532 	 -0.20218725
526 	 274.66396 	  0.52309618
527 	 275.20849 	 -0.39888168
528 	 275.71251 	  0.16313703
529 	 276.43418 	 -0.54915753
530 	 276.94195 	  0.72070671
531 	 277.51405 	 -0.17195376
532 	 277.99794 	  0.59466596
533 	 278.56691 	 -0.22103979
534 	 278.84024 	  0.46683723
535 	 279.42121 	  0.47945684
536 	 279.86401 	 -0.63753141
537 	 280.20801 	 -0.12068964
538 	 280.87116 	 -0.76661472
539 	 281.29115 	 -0.017275972
540 	 281.93981 	 -0.38911445
541 	 282.6892 	  0.18414382
542 	 283.19989 	  0.43764185
543 	 283.54105 	 -0.26805194
544 	 284.03576 	 -0.82340303
545 	 284.494 	  0.34718853
546 	 284.96257 	  0.2302902
547 	 285.23299 	  0.068120713
548 	 285.67769 	 -0.70394844
549 	 286.53489 	  0.36644091
550 	 287.26022 	 -0.45091643
551 	 287.51189 	 -0.65147557
552 	 288.04507 	  0.31376351
553 	 288.4999 	  0.85225643
554 	 288.74254 	 -0.40913077
555 	 289.25521 	 -0.23304592
556 	 289.50443 	  0.90791007
557 	 289.81874 	 -0.050241027
558 	 290.30444 	 -0.067273401
559 	 290.8254 	 -0.68580551
560 	 291.12402 	  0.78546411
561 	 291.89773 	 -0.32853212
562 	 292.35815 	 -0.10871706
563 	 292.94684 	 -0.31821188
564 	 293.1959 	 -0.5181402
565 	 293.75173 	  0.15645792
566 	 294.22019 	  0.90447492
567 	 294.486 	  0.97460584
568 	 295.0022 	  0.018735228
569 	 295.43712 	  0.099501014
570 	 295.93562 	 -0.2168832
571 	 296.1515 	  0.99783454
572 	 296.594 	 -0.16908217
573 	 297.20152 	 -0.090776959
574 	 297.84522 	 -0.32733174
575 	 298.37803 	 -0.54622128
576 	 299.12108 	 -0.80618328
577 	 299.6146 	 -0.032696197
578 	 300.12202 	 -0.14899789
579 	 300.67501 	  0.14256745
580 	 301.40972 	 -0.27119932
581 	 302.12283 	  0.99398274
582 	 302.40296 	 -0.46905592
583 	 302.83254 	  0.97871581
584 	 303.16115 	  0.903951
585 	 303.78998 	 -0.021539189
586 	 304.27267 	  0.62910322
587 	 305.12886 	  0.32335336
588 	 305.69249 	 -0.76908755
589 	 306.06402 	  0.13229653
590 	 306.37222 	 -0.69767878
591 	 306.79503 	  0.88947979
592 	 307.2983 	  0.1567241
593 	 307.95058 	 -0.25429678
594 	 308.56255 	  0.51413956
595 	 308.97914 	  0.41714472
596 	 309.48493 	  0.52629479
597 	 309.88659 	 -0.48624062
598 	 310.61893 	  0.63611074
599 	 311.08599 	 -0.80737237
600 	 311.31899 	  0.19999133
601 	 311.61138 	 -0.76697936
602 	 312.05826 	 -0.67839802
603 	 312.44471 	 -0.088176966
604 	 312.78934 	 -0.92753796
605 	 313.07911 	 -0.49122705
606 	 313.80163 	 -0.61195818
607 	 314.00116 	  0.52474951
608 	 314.27697 	  0.21776933
609 	 314.79826 	  0.21291187
610 	 315.07252 	 -0.79400096
611 	 315.85525 	 -0.91126173
612 	 316.42871 	  0.42224762
613 	 316.95126 	  0.44941993
614 	 317.36923 	  0.58286187
615 	 317.90181 	  0.31175206
616 	 318.60999 	 -0.091619478
617 	 319.26484 	 -0.82030483
618 	 319.80369 	 -0.068524245
619 	 320.61301 	 -0.39709503
620 	 320.94686 	 -0.95091529
621 	 321.4909 	 -0.85406674
622 	 321.88032 	 -0.80618471
623 	 322.12309 	 -0.78639584
624 	 322.71092 	  0.18721051
625 	 323.24963 	 -0.8277012
626 	 324.00632 	  0.86838568
627 	 324.53888 	  0.074565116
628 	 325.09896 	 -0.34033715
629 	 325.59842 	  0.59277556
630 	 325.95805 	  0.96469071
631 	 326.58835 	 -0.63530034
632 	 326.98807 	 -0.80124741
633 	 327.45282 	 -0.45071213
634 	 327.74336 	 -0.15882547
635 	 327.93855 	 -0.39212507
636 	 328.17281 	  0.014539652
637 	 328.39377 	  0.75361046
638 	 328.8069 	  0.92487836
639 	 329.31668 	 -0.67802964
640 	 329.60229 	 -0.93163707
641 	 329.94022 	  0.56297127
642 	 330.47105 	 -0.82989519
643 	 331.21464 	 -0.51763589
644 	 331.87716 	  0.90143678
645 	 332.48575 	 -0.30819651
646 	 333.02903 	 -0.18584488
647 	 333.53942 	  0.32281255
648 	 334.10083 	 -0.86014156
649 	 334.63313 	 -0.62012275
650 	 335.09172 	 -0.44869139
651 	 335.41939 	  0.60646609
652 	 335.76961 	 -0.67089956
653 	 336.19211 	  0.18216115
654 	 336.87211 	 -0.34444516
655 	 337.18315 	 -0.3972227
656 	 337.81209 	 -0.06409263
657 	 338.08009 	 -0.16990854
658 	 338.59449 	  0.57812651
659 	 338.94535 	  0.73410473
660 	 339.75631 	 -0.05761515
661 	 340.10592 	  0.93338107
662 	 340.48154 	  0.90874984
663 	 340.99241 	 -0.4846098
664 	 341.25711 	  0.28105174
665 	 341.4738 	  0.49298202
666 	 341.74418 	 -0.22093666
667 	 342.24158 	  0.52605861
668 	 342.61026 	  0.94248369
669 	 342.88613 	 -0.6438314
670 	 343.50154 	  0.7312475
671 	 344.16272 	 -0.35892185
672 	 344.79148 	 -0.74103036
673 	 345.3545 	  0.23691293
674 	 345.73511 	  0.52909107
675 	 346.00296 	  0.16706622
676 	 346.59411 	 -0.16105734
677 	 347.34278 	 -0.77015867
678 	 348.05153 	 -0.070517198
679 	 348.39083 	  0.45895822
680 	 348.92015 	 -0.57894633
681 	 349.3513 	  0.14137029
682 	 349.66084 	 -0.81419308
683 	 350.33682 	  0.84681793
684 	 350.71775 	  0.26018376
685 	 351.11786 	  0.12082461
686 	 351.48714 	 -0.57101268
687 	 352.10861 	 -0.097495462
688 	 352.69155 	  0.57388186
689 	 352.82497 	 -0.51762053
690 	 353.12615 	  0.83483459
691 	 353.71238 	  0.92941577
692 	 354.36321 	  0.56548954
693 	 354.9499 	  0.196284
694 	 355.24592 	  0.27430687
695 	 355.92116 	  0.54207861
696 	 356.43622 	  0.55724381
697 	 356.92405 	  0.53532079
698 	 357.37834 	  0.18692455
699 	 357.82214 	  0.58838203
700 	 358.36882 	  0.3940222
701 	 358.78368 	 -0.77701061
702 	 359.33406 	  0.68065749
703 	 359.93272 	 -0.64606927
704 	 360.75896 	  0.4947228
705 	 361.14525 	 -0.74055934
706 	 361.65115 	 -0.50903751
707 	 362.09594 	  0.097584919
708 	 362.63097 	  0.57861381
709 	 363.11047 	  0.73636235
710 	 363.33708 	 -0.99798963
711 	 364.0227 	  0.18447862
712 	 364.51551 	 -0.65762149
713 	 364.93549 	 -0.48728803
714 	 365.39147 	  0.080701696
715 	 365.93115 	  0.25286343
716 	 366.45502 	 -0.48659594
717 	 366.92335 	  0.96925451
718 	 367.27686 	  0.5137216
719 	 367.98948 	  0.3923122
720 	 368.3422 	 -0.37485567
721 	 368.90575 	 -0.12080628
722 	 369.44921 	 -0.17465008
723 	 369.96488 	 -0.63036405
724 	 370.4477 	 -0.81651935
725 	 371.10033 	  0.23617089
726 	 371.63834 	  0.20324695
727 	 372.17858 	 -0.68727982
728 	 372.67951 	 -0.29243512
729 	 373.47947 	  0.58497741
730 	 373.98636 	 -0.17499601
731 	 374.4566 	  0.48324418
732 	 374.74261 	  0.29084793
733 	 375.35717 	  0.0017947721
734 	 375.75972 	  0.4334222
735 	 376.12956 	 -0.85821702
736 	 376.74893 	 -0.6145002
737 	 377.33284 	 -0.59485853
738 	 378.06646 	 -0.63188212
739 	 378.90596 	  0.45645128
740 	 379.5198 	  0.79474492
741 	 380.29328 	  0.5188059
742 	 380.92595 	  0.16713103
743 	 381.63443 	 -0.34053497
744 	 382.00912 	 -0.13860838
745 	 382.52444 	  0.45882063
746 	 382.97344 	 -0.81780806
747 	 383.26442 	 -0.55986786
748 	 383.94541 	  0.5967179
749 	 384.75179 	  0.71911866
750 	 385.19112 	 -0.49288403
751 	 385.73019 	  0.67750066
752 	 386.13165 	  0.46648866
753 	 386.47641 	  0.0063164963
754 	 387.04123 	 -0.29141685
755 	 387.26318 	  0.48364627
756 	 387.7373 	  0.4213726
757 	 387.99758 	  0.10107019
758 	 388.51746 	  0.70766083
759 	 389.01956 	  0.21111173
760 	 389.30095 	 -0.68045278
761 	 389.86823 	  0.79207685
762 	 390.05606 	 -0.66242273
763 	 390.64637 	 -0.66683329
764 	 391.14706 	 -0.71757087
765 	 391.30633 	 -0.24776381
766 	 391.77728 	  0.68217233
767 	 392.44345 	 -0.16382367
768 	 392.92475 	  0.53706649
769 	 393.58082 	 -0.26622947
770 	 394.1572 	 -0.56542703
771 	 394.47129 	 -0.78675035
772 	 395.19 	  0.18842953
773 	 395.70815 	  0.62959926
774 	 396.18882 	 -0.076282629
775 	 396.66395 	  0.0028166824
776 	 397.12987 	 -0.72826034
777 	 397.64994 	  0.98371512
778 	 398.5239 	  0.080738401
779 	 399.24214 	 -0.53234338
780 	 399.7112 	  0.22493746
781 	 400.03868 	 -0.17905504
782 	 400.76949 	 -0.079895499
783 	 401.2714 	  0.55273115
784 	 401.66689 	 -0.094725323
785 	 402.36887 	 -0.6916796
786 	 402.83944 	  0.53140962
787 	 403.28418 	 -0.83822886
788 	 403.58994 	  0.19499976
789 	 404.1915 	 -0.84917438
790 	 404.709 	  0.33902778
791 	 405.08638 	 -0.97801131
792 	 405.34242 	  0.96853168
793 	 405.81523 	 -0.76635789
794 	 406.16531 	  0.038803026
795 	 406.85155 	  0.70645838
796 	 407.51442 	 -0.073287399
797 	 407.98223 	  0.28406092
798 	 408.43684 	  0.75226446
799 	 409.11825 	 -0.37057331
800 	 409.64712 	  0.90889687
801 	 410.26886 	  0.68709789
802 	 410.73433 	 -0.94558514
803 	 411.42597 	  0.61668792
804 	 411.68855 	 -0.89276755
805 	 412.42634 	 -0.90679564
806 	 412.89853 	 -0.52995273
807 	 413.10713 	  0.9894747
808 	 413.73997 	 -0.55086384
809 	 414.38583 	 -0.58423974
810 	 415.06628 	  0.93836682
811 	 415.69786 	  0.50574868
812 	 416.16213 	 -0.46398861
813 	 416.51099 	 -0.30162801
814 	 417.20116 	  0.6015954
815 	 417.66646 	  0.13811903
816 	 417.9505 	  0.27283346
817 	 418.50475 	 -0.89816235
818 	 419.00951 	  0.0048697254
819 	 419.61903 	 -0.69398878
820 	 420.48904 	  0.055171111
821 	 420.81391 	  0.20953728
822 	 421.63743 	  0.47136736
823 	 422.08597 	  0.78841286
824 	 422.50892 	  0.3700114
825 	 423.00595 	 -0.25494774
826 	 423.61416 	 -0.047081863
827 	 424.17211 	  0.8266534
828 	 424.86431 	 -0.10617717
829 	 425.37628 	 -0.92540252
830 	 425.98474 	 -0.76765067
831 	 426.55424 	  0.75583771
832 	 426.90788 	 -0.21413338
833 	 427.53734 	 -0.061593923
834 	 428.07299 	 -0.39340997
835 	 428.55789 	  0.57632881
836 	 429.18313 	  0.50166041
837 	 429.82502 	  0.40541068
838 	 430.1232 	  0.13763299
839 	 430.65664 	 -0.9708342
840 	 431.27727 	  0.015035598
841 	 431.68333 	 -0.72563962
842 	 432.39387 	  0.82169403
843 	 432.95997 	 -0.43027201
844 	 433.6175 	  0.76139731
845 	 434.25996 	  0.92231798
846 	 434.77408 	 -0.0403656
847 	 435.37957 	 -0.86335009
848 	 435.59005 	 -0.5780847
849 	 436.05389 	 -0.5698891
850 	 436.41044 	 -0.97640967
851 	 436.7877 	  0.26733587
852 	 437.30649 	 -0.20306697
853 	 437.95743 	  0.13079822
854 	 438.61553 	 -0.3019113
855 	 438.99124 	 -0.62607803
856 	 439.47416 	 -0.74345676
857 	 440.14137 	 -0.32664157
858 	 440.58283 	  0.62424134
859 	 441.07316 	 -0.3783919
860 	 441.41577 	  0.55114102
861 	 442.00617 	 -0.54270529
862 	 442.41199 	  0.72432218
863 	 443.07363 	 -0.4693194
864 	 443.8391 	  0.90026294
865 	 444.07844 	 -0.32577374
866 	 444.55037 	 -0.3182945
867 	 445.372 	 -0.55622511
868 	 445.84828 	 -0.31834477
869 	 446.09184 	 -0.49197451
870 	 446.41506 	 -0.26485932
871 	 446.97279 	  0.8486236
872 	 447.30144 	  0.98078442
873 	 448.02054 	  0.44174365
874 	 448.35666 	  0.65481315
875 	 449.12926 	 -0.96070834
876 	 449.50029 	 -0.4644289
877 	 450.31048 	 -0.36582726
878 	 450.79196 	 -0.98503198
879 	 451.28485 	 -0.46635531
880 	 451.62085 	  0.73238498
881 	 451.7577 	 -0.62296944
882 	 452.3316 	  0.22391496
883 	 452.65717 	 -0.6699756
884 	 453.16959 	 -0.95047028
885 	 453.56861 	  0.92970371
886 	 454.02669 	  0.47195692
887 	 454.7057 	  0.66174019
888 	 455.25501 	  0.35496302
889 	 455.7111 	  0.15488795
890 	 456.07309 	  0.46165886
891 	 456.36773 	  0.059356507
892 	 456.77752 	 -0.161201
893 	 457.17887 	 -0.62770556
894 	 457.62095 	 -0.53634803
895 	 457.75178 	 -0.5732816
896 	 458.28466 	 -0.73137568
897 	 458.65673 	 -0.75009637
898 	 459.39811 	  0.56884774
899 	 459.6239 	  0.7535733
900 	 460.15783 	  0.064825743
901 	 460.75382 	  0.94071227
902 	 461.19926 	 -0.46235635
903 	 461.89763 	  0.13012717
904 	 462.15889 	  0.55453875
905 	 462.56101 	 -0.22087753
906 	 463.08355 	 -0.69928834
907 	 463.64463 	 -0.88113051
908 	 464.05657 	 -0.67033055
909 	 464.61096 	  0.14634279
910 	 465.09882 	 -0.55593349
911 	 465.51988 	  0.69142826
912 	 466.08367 	 -0.18812295
913 	 466.4214 	  0.073906261
914 	 467.07487 	  0.49132838
915 	 467.43895 	  0.68056758
916 	 467.81046 	 -0.76321591
917 	 468.44972 	  0.081785794
918 	 468.99697 	  0.98829119
919 	 469.35692 	 -0.027644912
920 	 470.09117 	 -0.10884494
921 	 470.60773 	 -0.835425
922 	 471.13302 	  0.82481893
923 	 471.71157 	  0.59940923
924 	 472.42232 	  0.49381318
925 	 472.81924 	  0.07624935
926 	 473.24578 	  0.075072536
927 	 473.79743 	 -0.44836435
928 	 474.32931 	 -0.37651193
929 	 474.88606 	  0.51972601
930 	 475.0844 	 -0.93201483
931 	 475.46358 	 -0.55851992
932 	 475.91729 	  0.14532946
933 	 476.43002 	  0.85082188
934 	 477.12428 	 -0.95626684
935 	 477.86416 	 -0.87177265
936 	 478.44008 	 -0.87669342
937 	 478.98546 	 -0.070170813
938 	 479.64402 	 -0.19919873
939 	 480.06953 	 -0.13145207
940 	 480.58671 	  0.44044256
941 	 481.16935 	 -0.50109948
942 	 481.7083 	 -0.42161096
943 	 482.2346 	  0.79554275
944 	 482.57992 	  0.9184403
945 	 482.79102 	 -0.057891439
946 	 483.49522 	  0.0075512947
947 	 483.87396 	  0.49426766
948 	 484.61958 	 -0.81502079
949 	 484.858 	  0.02563774
950 	 485.34884 	 -0.66517287
951 	 485.72582 	 -0.082238422
952 	 486.21987 	 -0.39884224
953 	 486.61053 	  0.95143579
954 	 487.18677 	 -0.63140569
955 	 487.57423 	 -0.17902516
956 	 488.0789 	 -0.47173907
957 	 488.66866 	  0.13820419
958 	 489.15064 	  0.57794534
959 	 489.66388 	 -0.75288475
960 	 489.9654 	 -0.84424895
961 	 490.69361 	 -0.56593159
962 	 490.97548 	  0.91054924
963 	 491.67846 	  0.012440277
964 	 492.42661 	 -0.8935135
965 	 493.18746 	 -0.54625167
966 	 494.0143 	  0.66059022
967 	 494.53174 	  0.63144694
968 	 494.84672 	 -0.5933359
969 	 495.37275 	  0.11666197
970 	 495.98736 	  0.47750329
971 	 496.23313 	  0.30913875
972 	 496.50752 	 -0.31764276
973 	 497.0336 	 -0.30516221
974 	 497.65146 	 -0.0011360229
975 	 498.20766 	 -0.69231884
976 	 498.83936 	  0.69393413
977 	 499.27225 	  0.78863732
978 	 499.72061 	  0.39461113
979 	 500.10323 	  0.13002648
980 	 500.22685 	  0.11212796
981 	 501.04027 	  0.24613348
982 	 501.32382 	  0.020295439
983 	 501.83802 	 -0.78456625
984 	 502.18946 	 -0.62365477
985 	 502.67003 	  0.58183483
986 	 502.83842 	 -0.64075268
987 	 503.70977 	 -0.55104075
988 	 504.12015 	  0.3739103
989 	 504.74574 	 -0.64781369
990 	 505.21278 	  0.97192403
991 	 505.77407 	 -0.095595123
992 	 506.22275 	 -0.41947276
993 	 506.78979 	  0.73621018
994 	 507.23409 	 -0.75589002
995 	 507.57927 	  0.41409919
996 	 507.89296 	  0.33122482
997 	 508.40481 	 -0.77171576
998 	 509.10518 	  0.64931503
999 	 502.76636 	  0.087862437
FUNCTION PROFILE: 
0 	 0.996594314834
1 	 0.852358890649
2 	 0.739352817029
3 	 0.824886009221
4 	 0.288299440739
5 	 0.454106900667
6 	 0.745457655094
7 	 0.576902836744
8 	 0.765307572639
9 	 0.564447754644
10 	 0.005670170587
11 	 0.633377070968
12 	 0.442107859975
13 	 0.849291937767
14 	 0.788519103521
15 	 0.350403297398
16 	 0.075414514868
17 	 0.913589925765
18 	 0.732932683242
19 	 0.995317074489
20 	 0.875692659753
21 	 0.956445232612
22 	 0.770234924222
23 	 0.043685544213
24 	 0.235674728948
25 	 0.235018814659
26 	 0.948073270422
27 	 0.02450114815
28 	 0.707406112877
29 	 0.052413116573
30 	 0.932461696091
31 	 0.21769616973
32 	 0.595626991773
33 	 0.149551079936
34 	 0.783979776101
35 	 0.228065881697
36 	 0.623283070386
37 	 0.857943014679
38 	 0.842389539448
39 	 0.400530602015
40 	 0.824738965593
41 	 0.723093725551
42 	 0.828816682481
43 	 0.170179980317
44 	 0.86595463687
45 	 0.286574195622
46 	 0.105896486157
47 	 0.063994908531
48 	 0.596166778554
49 	 0.529248615675
50 	 0.802576851246
51 	 0.642436483522
52 	 0.773327491014
53 	 0.912776574179
54 	 0.663194776541
55 	 0.891006715667
56 	 0.679660728359
57 	 0.724729664829
58 	 0.477790129112
59 	 0.777218448861
60 	 0.220377630842
61 	 0.838872891542
62 	 0.974409596391
63 	 0.310516932759
64 	 0.5060057593
65 	 0.469927632213
66 	 0.396549259937
67 	 0.938079599178
68 	 0.919878071926
69 	 0.296302283477
70 	 0.555439845748
71 	 0.381770093983
72 	 0.848700405427
73 	 0.88670565433
74 	 0.435115882515
75 	 0.170465582395
76 	 0.062253992661
77 	 0.82864484435
78 	 0.433096168066
79 	 0.894706844257
80 	 0.664731740033
81 	 0.263414823322
82 	 0.363942070295
83 	 0.747779342814
84 	 0.28821271036
85 	 0.291578214655
86 	 0.040110589754
87 	 0.169391658728
88 	 0.656737285135
89 	 0.178818747185
90 	 0.851824908088
91 	 0.088379124349
92 	 0.547598340401
93 	 0.658332105948
94 	 0.488169422232
95 	 0.590526313225
96 	 0.532267253211
97 	 0.434894620203
98 	 0.429362903269
99 	 0.11161858
100 	 0.870492276107
101 	 0.710853974178
102 	 0.735919770315
103 	 0.357424540474
104 	 0.187670265443
105 	 0.032652151865
106 	 0.534996404586
107 	 0.26151820792
108 	 0.357849497545
109 	 0.351740816783
110 	 0.467322284884
111 	 0.022088563279
112 	 0.52267767984
113 	 0.629217379886
114 	 0.838027047158
115 	 0.844511971284
116 	 0.5814862646
117 	 0.813855996276
118 	 0.343320214055
119 	 0.777079095899
120 	 0.363840995758
121 	 0.888754625054
122 	 0.295856854839
123 	 0.817175148741
124 	 0.470705248045
125 	 0.479062194923
126 	 0.804966416655
127 	 0.61722762731
128 	 0.034851960267
129 	 0.795262556585
130 	 0.260958039776
131 	 0.963668218406
132 	 0.918770845966
133 	 0.308715302989
134 	 0.315446743584
135 	 0.843598221563
136 	 0.978354132441
137 	 0.017391307652
138 	 0.805052256366
139 	 0.062856744242
140 	 0.271893399715
141 	 0.824582059397
142 	 0.71147364278
143 	 0.807609999947
144 	 0.975093251953
145 	 0.646820175693
146 	 0.342239960489
147 	 0.698292697045
148 	 0.049663656466
149 	 0.366412060734
150 	 0.744473802012
151 	 0.906715998131
152 	 0.747180418685
153 	 0.946416648924
154 	 0.838811343124
155 	 0.467549847058
156 	 0.155543332306
157 	 0.859578091769
158 	 0.258834327524
159 	 0.201255560584
160 	 0.38293453259
161 	 0.916981658875
162 	 0.649816971799
163 	 0.108141461742
164 	 0.037120405681
165 	 0.989351330717
166 	 0.537209857688
167 	 0.20332089932
168 	 0.147059564704
169 	 0.559616879538
170 	 0.595193592958
171 	 0.064734342698
172 	 0.164580327674
173 	 0.791619673817
174 	 0.893512029628
175 	 0.405560448538
176 	 0.292082274754
177 	 0.982541855282
178 	 0.263101777105
179 	 0.678445910738
180 	 0.958351146255
181 	 0.757091352651
182 	 0.050619256291
183 	 0.030545653641
184 	 0.704476094727
185 	 0.008878654783
186 	 0.817815106557
187 	 0.079853281338
188 	 0.580964781182
189 	 0.299660062876
190 	 0.039564923379
191 	 0.167031485215
192 	 0.924647072605
193 	 0.93069646512
194 	 0.590930080656
195 	 0.644647450569
196 	 0.226724358632
197 	 0.644233326424
198 	 0.406539696257
199 	 0.063286563914
200 	 0.199207646798
201 	 0.737833912579
202 	 0.077030922315
203 	 0.159502448342
204 	 0.403943181743
205 	 0.394915703623
206 	 0.353103306258
207 	 0.610557776744
208 	 0.407044396747
209 	 0.465638660486
210 	 0.043427060006
211 	 0.899031713367
212 	 0.840077463902
213 	 0.749098843131
214 	 0.890179181776
215 	 0.51186017139
216 	 0.436004758396
217 	 0.796265696017
218 	 0.724402122426
219 	 0.334472742918
220 	 0.093485995601
221 	 0.344256887042
222 	 0.918042746315
223 	 0.940465707089
224 	 0.107247612118
225 	 0.691236453056
226 	 0.093608203222
227 	 0.315936017161
228 	 0.933692821611
229 	 0.927419402173
230 	 0.547803551757
231 	 0.723455774805
232 	 0.738590868178
233 	 0.267845347878
234 	 0.951736819765
235 	 0.295478184319
236 	 0.289668648007
237 	 0.622332183904
238 	 0.735895673294
239 	 0.53052738536
240 	 0.098896130856
241 	 0.724744089859
242 	 0.901624707425
243 	 0.465331713483
244 	 0.856424071526
245 	 0.405860250935
246 	 0.816124872508
247 	 0.112007723542
248 	 0.149407625536
249 	 0.162452996341
250 	 0.926805977263
251 	 0.194767995422
252 	 0.291488008646
253 	 0.443256305146
254 	 0.278044202557
255 	 0.82049912972
256 	 0.30975755409
257 	 0.397244719425
258 	 0.326917438377
259 	 0.877131451108
260 	 0.79542652213
261 	 0.441124809468
262 	 0.182705961855
263 	 0.074454773879
264 	 0.778071481339
265 	 0.010151817983
266 	 0.008282950724
267 	 0.806181809739
268 	 0.150116088238
269 	 0.015238749653
270 	 0.179385499613
271 	 0.240482780904
272 	 0.456145527097
273 	 0.007694629473
274 	 0.125410106576
275 	 0.727688675807
276 	 0.093040586238
277 	 0.452123925464
278 	 0.934631679354
279 	 0.755952454684
280 	 0.316379170135
281 	 0.566543433
282 	 0.472306679138
283 	 0.712520469932
284 	 0.260704649024
285 	 0.319474471041
286 	 0.519307407906
287 	 0.96898265387
288 	 0.393901407839
289 	 0.357841588512
290 	 0.345021238298
291 	 0.16552025616
292 	 0.986298033855
293 	 0.200770715838
294 	 0.38981846726
295 	 0.329873806421
296 	 0.591239482214
297 	 0.62586873546
298 	 0.087155477318
299 	 0.434245897377
300 	 0.424729084951
301 	 0.095053021858
302 	 0.851655664002
303 	 0.389891506852
304 	 0.301560243996
305 	 0.124136919887
306 	 0.183255797337
307 	 0.493948537567
308 	 0.136923462639
309 	 0.213014359104
310 	 0.995189160295
311 	 0.597619965877
312 	 0.986678040278
313 	 0.830464320605
314 	 0.148945940065
315 	 0.345769015978
316 	 0.330364893298
317 	 0.165241675273
318 	 0.625344733701
319 	 0.445696031409
320 	 0.3908950961
321 	 0.098388524889
322 	 0.315929460612
323 	 0.165273223065
324 	 0.72909616024
325 	 0.588226681757
326 	 0.829925908335
327 	 0.920901440369
328 	 0.315845238495
329 	 0.787070430134
330 	 0.875508583262
331 	 0.849728342546
332 	 0.848124942904
333 	 0.537273198522
334 	 0.131465667073
335 	 0.473010886056
336 	 0.075391181268
337 	 0.693856041188
338 	 0.818533165554
339 	 0.454981145049
340 	 0.266848951975
341 	 0.511654181664
342 	 0.209018799419
343 	 0.29400458889
344 	 0.516012468222
345 	 0.613622693671
346 	 0.881586072108
347 	 0.713552564448
348 	 0.371315882118
349 	 0.085799631481
350 	 0.689106896456
351 	 0.179969820997
352 	 0.35062780758
353 	 0.487621837699
354 	 0.9472039373
355 	 0.781376158632
356 	 0.495260450181
357 	 0.691740053674
358 	 0.341566816452
359 	 0.241245206576
360 	 0.932766318704
361 	 0.15852742552
362 	 0.554281971257
363 	 0.738781106572
364 	 0.027725560713
365 	 0.839160216846
366 	 0.630645286649
367 	 0.448349243196
368 	 0.813201093055
369 	 0.227044133107
370 	 0.735819034764
371 	 0.338454808268
372 	 0.623011537233
373 	 0.882003785398
374 	 0.290381429132
375 	 0.767603103601
376 	 0.429014181678
377 	 0.073387274967
378 	 0.490581221888
379 	 0.263821554041
380 	 0.780640483625
381 	 0.83284824546
382 	 0.83045874141
383 	 0.689521925256
384 	 0.769848040775
385 	 0.311251814078
386 	 0.924744152249
387 	 0.820630383841
388 	 0.975770266705
389 	 0.725825782846
390 	 0.569978495136
391 	 0.938622788467
392 	 0.985517351238
393 	 0.221117983395
394 	 0.808799109499
395 	 0.156007737836
396 	 0.86614904673
397 	 0.884108777501
398 	 0.010306916123
399 	 0.816827114983
400 	 0.870164146911
401 	 0.55502446899
402 	 0.140079075771
403 	 0.637708832217
404 	 0.124355875418
405 	 0.075849556664
406 	 0.082655754102
407 	 0.082059710265
408 	 0.439671825206
409 	 0.002013877094
410 	 0.361923371052
411 	 0.044758366501
412 	 0.158846521967
413 	 0.393408454119
414 	 0.664625199486
415 	 0.769903241705
416 	 0.966978651161
417 	 0.609497268813
418 	 0.937412612817
419 	 0.223708104278
420 	 0.511180099169
421 	 0.609678892526
422 	 0.691723839034
423 	 0.968412893323
424 	 0.42681996914
425 	 0.505083527643
426 	 0.37592773731
427 	 0.822272800097
428 	 0.412841478771
429 	 0.483836609181
430 	 0.614132483158
431 	 0.220393027369
432 	 0.231225457375
433 	 0.171459232788
434 	 0.450303489727
435 	 0.279554926632
436 	 0.166889887432
437 	 0.224285894143
438 	 0.78293131962
439 	 0.276700371122
440 	 0.754844066653
441 	 0.216799892696
442 	 0.627339606051
443 	 0.684025496408
444 	 0.847868952623
445 	 0.512577519166
446 	 0.568481036932
447 	 0.51465537131
448 	 0.394631958163
449 	 0.961084602919
450 	 0.819285927144
451 	 0.936652337355
452 	 0.287281504622
453 	 0.575521335178
454 	 0.815849002316
455 	 0.270747296627
456 	 0.667222482976
457 	 0.896303225612
458 	 0.879385827401
459 	 0.865777253271
460 	 0.812365494876
461 	 0.566320329462
462 	 0.161528998531
463 	 0.003168952656
464 	 0.409682772563
465 	 0.217666243286
466 	 0.652629414559
467 	 0.434613161812
468 	 0.405497951304
469 	 0.625608666479
470 	 0.85337091871
471 	 0.497075761301
472 	 0.128805672527
473 	 0.365486648924
474 	 0.374331608367
475 	 0.202230080748
476 	 0.815695660168
477 	 0.570441557063
478 	 0.053672212291
479 	 0.952668981087
480 	 0.417408867302
481 	 0.808911023364
482 	 0.99936217281
483 	 0.593897512271
484 	 0.051830725849
485 	 0.426325554133
486 	 0.574885891118
487 	 0.5199502585
488 	 0.285719362272
489 	 0.669073253019
490 	 0.087349435146
491 	 0.713710470496
492 	 0.007460136795
493 	 0.581154304981
494 	 0.334989752736
495 	 0.398308326146
496 	 0.264006155017
497 	 0.794912312418
498 	 0.706153332363
499 	 0.81134405553
500 	 0.5649268107
501 	 0.268333668503
502 	 0.343562806955
503 	 0.212099673823
504 	 0.171931204621
505 	 0.852317419245
506 	 0.209452878492
507 	 0.474422614761
508 	 0.454680619819
509 	 0.199686846794
510 	 0.265789236267
511 	 0.195803060726
512 	 0.649925143275
513 	 0.402885162355
514 	 0.824494303446
515 	 0.770771040549
516 	 0.031888107878
517 	 0.924125417986
518 	 0.669741218211
519 	 0.234628163188
520 	 0.941861854954
521 	 0.888429139111
522 	 0.44888796614
523 	 0.308676112618
524 	 0.81830777014
525 	 0.386008316334
526 	 0.851755273887
527 	 0.397284719501
528 	 0.005178300625
529 	 0.905076424128
530 	 0.901637126998
531 	 0.346945715293
532 	 0.034609227107
533 	 0.165185858625
534 	 0.044327800732
535 	 0.407821265243
536 	 0.017279342528
537 	 0.067259285244
538 	 0.417548765743
539 	 0.332428284939
540 	 0.333041228372
541 	 0.255537213351
542 	 0.604306555445
543 	 0.898379135078
544 	 0.633366406487
545 	 0.428514771333
546 	 0.033708730733
547 	 0.326852473638
548 	 0.709931859184
549 	 0.521288566939
550 	 0.098065761026
551 	 0.345290321494
552 	 0.358235491077
553 	 0.623231594536
554 	 0.587421915647
555 	 0.069943966195
556 	 0.960998135979
557 	 0.370928254418
558 	 0.91460293958
559 	 0.26321512661
560 	 0.501085320661
561 	 0.707658925191
562 	 0.960596498087
563 	 0.989457896367
564 	 0.44513227715
565 	 0.90777280028
566 	 0.758544930074
567 	 0.458336410432
568 	 0.838861670554
569 	 0.132175771132
570 	 0.087750339467
571 	 0.70261438587
572 	 0.572089964667
573 	 0.91969244865
574 	 0.167187598806
575 	 0.786138275421
576 	 0.94212703579
577 	 0.823293374599
578 	 0.531396336883
579 	 0.268706339084
580 	 0.668636466376
581 	 0.988638540803
582 	 0.987545601558
583 	 0.228474993745
584 	 0.438669278299
585 	 0.792455345474
586 	 0.359968033598
587 	 0.26936089698
588 	 0.132141064339
589 	 0.536085149209
590 	 0.864604655042
591 	 0.220339516316
592 	 0.889588933306
593 	 0.264384156999
594 	 0.391622028274
595 	 0.501986117724
596 	 0.325831816973
597 	 0.650261509054
598 	 0.299993660475
599 	 0.919265481618
600 	 0.480689079099
601 	 0.880389485435
602 	 0.88438497221
603 	 0.878893880256
604 	 0.161771941208
605 	 0.78163255443
606 	 0.635121394112
607 	 0.828488538639
608 	 0.231066372134
609 	 0.165655223229
610 	 0.541059526266
611 	 0.024506118075
612 	 0.834150847565
613 	 0.946809671907
614 	 0.043255735784
615 	 0.174503703671
616 	 0.756777178363
617 	 0.498509393606
618 	 0.991851709586
619 	 0.024302282112
620 	 0.042161349606
621 	 0.223729453665
622 	 0.778605708018
623 	 0.472882951325
624 	 0.883988956974
625 	 0.099906611781
626 	 0.834848291981
627 	 0.441484859051
628 	 0.317042620832
629 	 0.035722073754
630 	 0.145229879968
631 	 0.833266242658
632 	 0.346826156638
633 	 0.506310293802
634 	 0.481151860376
635 	 0.985493227462
636 	 0.126045065232
637 	 0.595212381338
638 	 0.011440124225
639 	 0.913023855427
640 	 0.423447984923
641 	 0.499772311558
642 	 0.976772600458
643 	 0.038736203874
644 	 0.802256571039
645 	 0.835999517486
646 	 0.754824654573
647 	 0.890389670737
648 	 0.879376021409
649 	 0.756571687469
650 	 0.959318815402
651 	 0.25135596055
652 	 0.596522407121
653 	 0.323017947243
654 	 0.898444260982
655 	 0.705084323531
656 	 0.517796268335
657 	 0.302449320418
658 	 0.555101958266
659 	 0.567659497964
660 	 0.390715528885
661 	 0.442219388177
662 	 0.35691424058
663 	 0.283088898176
664 	 0.389078182792
665 	 0.747072147331
666 	 0.635823766412
667 	 0.355216822329
668 	 0.70749622388
669 	 0.677043783844
670 	 0.859408251309
671 	 0.118287325894
672 	 0.93118622198
673 	 0.58190397813
674 	 0.048083130917
675 	 0.338651815672
676 	 0.814973956224
677 	 0.378061977173
678 	 0.503893792313
679 	 0.986922748183
680 	 0.700309856927
681 	 0.832892012677
682 	 0.165756169788
683 	 0.679978399098
684 	 0.684597035308
685 	 0.417617343578
686 	 0.152122712644
687 	 0.786230847116
688 	 0.971119154696
689 	 0.046684840519
690 	 0.482758758753
691 	 0.936680840037
692 	 0.243826796445
693 	 0.636489553216
694 	 0.706782948265
695 	 0.722307004999
696 	 0.413224210767
697 	 0.877893107743
698 	 0.792526664305
699 	 0.023578694698
700 	 0.309057072355
701 	 0.507861017669
702 	 0.467013101535
703 	 0.027154124697
704 	 0.38248069799
705 	 0.905207864456
706 	 0.511551193766
707 	 0.708294742432
708 	 0.56789339539
709 	 0.287423612896
710 	 0.0390528404
711 	 0.944138668814
712 	 0.133692168479
713 	 0.693105745915
714 	 0.335269406933
715 	 0.942029807533
716 	 0.756886681972
717 	 0.964957372129
718 	 0.223797752766
719 	 0.866872673925
720 	 0.523958279225
721 	 0.701153205614
722 	 0.395441535429
723 	 0.255888423094
724 	 0.738144300769
725 	 0.815740072975
726 	 0.251256531812
727 	 0.307112617397
728 	 0.199111640994
729 	 0.201613057133
730 	 0.292352653403
731 	 0.378148287891
732 	 0.369324261769
733 	 0.515147071185
734 	 0.231020301354
735 	 0.336665533504
736 	 0.604353018522
737 	 0.42762540572
738 	 0.733991507288
739 	 0.616395524794
740 	 0.967563805696
741 	 0.841402007512
742 	 0.222593558895
743 	 0.171395269454
744 	 0.444238802474
745 	 0.354026160208
746 	 0.244520321294
747 	 0.412869753368
748 	 0.919300806409
749 	 0.674089337907
750 	 0.709343571722
751 	 0.895074105865
752 	 0.399452211056
753 	 0.31913406311
754 	 0.882676542219
755 	 0.575747557379
756 	 0.248567685782
757 	 0.035689707796
758 	 0.909381491401
759 	 0.382318914655
760 	 0.705513288718
761 	 0.718553631852
762 	 0.006484413631
763 	 0.872363906655
764 	 0.045713083095
765 	 0.242576864799
766 	 0.919715201829
767 	 0.661968121695
768 	 0.539957305096
769 	 0.910285241433
770 	 0.691869369004
771 	 0.369535686875
772 	 0.789205647202
773 	 0.775339448198
774 	 0.576917735178
775 	 0.834382166918
776 	 0.780827403948
777 	 0.199152905866
778 	 0.657756462249
779 	 0.696274627033
780 	 0.664502385453
781 	 0.804456320312
782 	 0.059576922708
783 	 0.786063713604
784 	 0.405414917292
785 	 0.984286938132
786 	 0.547196299005
787 	 0.685207118761
788 	 0.836683684538
789 	 0.772089594199
790 	 0.805873149851
791 	 0.364260616646
792 	 0.637066107542
793 	 0.594138846795
794 	 0.706500676261
795 	 0.309709329281
796 	 0.700168873712
797 	 0.046096017822
798 	 0.814222557347
799 	 0.359197380162
800 	 0.455320203623
801 	 0.325005633154
802 	 0.678206016644
803 	 0.571479230348
804 	 0.881153226791
805 	 0.509522689786
806 	 0.492855739747
807 	 0.516318524116
808 	 0.388390108256
809 	 0.920826482942
810 	 0.709576574538
811 	 0.608785196623
812 	 0.298016719081
813 	 0.724133359713
814 	 0.456124479167
815 	 0.793540168341
816 	 0.99636494038
817 	 0.789092128148
818 	 0.929654652354
819 	 0.211848978604
820 	 0.577444506854
821 	 0.240353657572
822 	 0.050725789085
823 	 0.254398826405
824 	 0.71163581992
825 	 0.456014995002
826 	 0.6949882195
827 	 0.060695404446
828 	 0.319204061939
829 	 0.20187966197
830 	 0.650590467804
831 	 0.33801600823
832 	 0.23009927301
833 	 0.653721319905
834 	 0.368759446327
835 	 0.115909984006
836 	 0.624459390784
837 	 0.353209005385
838 	 0.177602211403
839 	 0.634408072613
840 	 0.0294868405
841 	 0.685715136388
842 	 0.338254408893
843 	 0.656553057935
844 	 0.234919846641
845 	 0.232510211638
846 	 0.702410455026
847 	 0.575001775535
848 	 0.698735449788
849 	 0.614588056325
850 	 0.325066547315
851 	 0.852163604656
852 	 0.571017883731
853 	 0.420791160225
854 	 0.880495549814
855 	 0.693694589982
856 	 0.414776047481
857 	 0.307242748279
858 	 0.956643553939
859 	 0.528234174239
860 	 0.867561677306
861 	 0.127563658991
862 	 0.07493339757
863 	 0.964350840535
864 	 0.414638394709
865 	 0.560298791991
866 	 0.193173814974
867 	 0.324089649482
868 	 0.801803923118
869 	 0.255295928692
870 	 0.274994863635
871 	 0.295840984178
872 	 0.5621526155
873 	 0.180120395187
874 	 0.798266321615
875 	 0.117534518916
876 	 0.746183056069
877 	 0.405683006069
878 	 0.307939880424
879 	 0.704237570154
880 	 0.575164819216
881 	 0.839107593962
882 	 0.609509603277
883 	 0.976632543294
884 	 0.71849615183
885 	 0.681483337032
886 	 0.986121453258
887 	 0.214637567823
888 	 0.96256815506
889 	 0.116637595505
890 	 0.264433727212
891 	 0.456204747824
892 	 0.680557801956
893 	 0.470883485153
894 	 0.660341305689
895 	 0.623590748094
896 	 0.131847117317
897 	 0.597017489784
898 	 0.812407931988
899 	 0.202776141893
900 	 0.671194196662
901 	 0.994942849299
902 	 0.674173467285
903 	 0.727598118336
904 	 0.346653247432
905 	 0.575842835388
906 	 0.607090182313
907 	 0.383506623431
908 	 0.940891463025
909 	 0.86357910742
910 	 0.21952863133
911 	 0.449591823692
912 	 0.749542392041
913 	 0.64031891484
914 	 0.173812119735
915 	 0.015261239586
916 	 0.067407560171
917 	 0.809060460845
918 	 0.846230300061
919 	 0.452345866236
920 	 0.597293842623
921 	 0.776563560233
922 	 0.583005699923
923 	 0.835942052897
924 	 0.52837382715
925 	 0.053866679511
926 	 0.77391814294
927 	 0.185542428819
928 	 0.494697275134
929 	 0.610237116395
930 	 0.151226836805
931 	 0.509124758087
932 	 0.332416210015
933 	 0.897207576
934 	 0.468723939255
935 	 0.019510641681
936 	 0.816926372205
937 	 0.948669474048
938 	 0.962039513744
939 	 0.307332719581
940 	 0.336959755748
941 	 0.497780648153
942 	 0.267505584545
943 	 0.454377767468
944 	 0.41510662885
945 	 0.352372929405
946 	 0.356052973521
947 	 0.456634312782
948 	 0.634721099169
949 	 0.902425607449
950 	 0.53919868179
951 	 0.266577206086
952 	 0.904362817145
953 	 0.424118211076
954 	 0.606924562908
955 	 0.597156695064
956 	 0.485704664916
957 	 0.608487389625
958 	 0.326240816195
959 	 0.816300967065
960 	 0.01242887733
961 	 0.016068543723
962 	 0.311088225872
963 	 0.359714759589
964 	 0.7284870896
965 	 0.923075287184
966 	 0.516954456014
967 	 0.351577939059
968 	 0.829681498708
969 	 0.29789117332
970 	 0.510992722283
971 	 0.697623210059
972 	 0.229900519322
973 	 0.629313557738
974 	 0.584627746537
975 	 0.770411111316
976 	 0.18294256169
977 	 0.793732858868
978 	 0.521108930095
979 	 0.983771519098
980 	 0.930997217611
981 	 0.573519434483
982 	 0.571734315524
983 	 0.292516416076
984 	 0.002798390981
985 	 0.386985281281
986 	 0.932075540498
987 	 0.328946512417
988 	 0.974422674522
989 	 0.697158957823
990 	 0.62879368457
991 	 0.745587179962
992 	 0.12072382765
993 	 0.17748871937
994 	 0.221508265612
995 	 0.887140640346
996 	 0.9011074659
997 	 0.289710977133
998 	 0.205275093503
999 	 0.348609214632
# END OF FILE #