PROBLEM_NAME: RAP-NC-L_0104.txt
PROBLEM_TYPE: UB
NB_RESOURCES: 20
LINEAR_TERM: 6.54419
BOUNDS SECTION: INDEX 	 UB 	 LINEAR_TERM
0 	 0.70763854 	  0.67187062
1 	 1.3315073 	 -0.56313022
2 	 1.5933928 	 -0.56829726
3 	 1.9597557 	 -0.043124456
4 	 2.4953681 	 -0.67121038
5 	 2.9706953 	  0.97343555
6 	 3.3791914 	  0.34268579
7 	 3.8401674 	  0.44472294
8 	 4.2970849 	  0.40283127
9 	 4.7364317 	 -0.39197361
10 	 5.3318788 	 -0.70944484
11 	 5.8661105 	  0.50770141
12 	 6.333425 	 -0.70160863
13 	 7.082115 	  0.41201244
14 	 7.5562359 	  0.57686339
15 	 7.9548204 	  0.93768426
16 	 8.4057407 	  0.78825008
17 	 8.8963232 	  0.40435501
18 	 9.0922065 	  0.092829673
19 	 9.3845817 	  0.0059133455
FUNCTION PROFILE: 
0 	 0.221742365882
1 	 0.011107062074
2 	 0.977319146034
3 	 0.726365732521
4 	 0.034406544243
5 	 0.41034595925
6 	 0.578244287287
7 	 0.436314848056
8 	 0.284103211094
9 	 0.060022962102
10 	 0.668341334142
11 	 0.090974466606
12 	 0.659029711546
13 	 0.390252172481
14 	 0.968077241955
15 	 0.135915438716
16 	 0.274747115456
17 	 0.181321017277
18 	 0.76681411683
19 	 0.568085723072
# END OF FILE #