PROBLEM_NAME: RAP-NC-L_0109.txt
PROBLEM_TYPE: UB
NB_RESOURCES: 20
LINEAR_TERM: -4.18655
BOUNDS SECTION: INDEX 	 UB 	 LINEAR_TERM
0 	 0.3209844 	 -0.44645318
1 	 0.94366657 	  0.20189678
2 	 1.6485475 	  0.019080854
3 	 2.2554057 	 -0.9003275
4 	 2.5532709 	 -0.86738142
5 	 2.8629848 	 -0.52138521
6 	 3.3520747 	 -0.19740724
7 	 3.7762415 	  0.33395865
8 	 4.3585606 	  0.62234154
9 	 4.7867627 	 -0.84323179
10 	 5.4787026 	 -0.69383165
11 	 6.1430446 	 -0.70503097
12 	 6.5483443 	 -0.91343354
13 	 7.0300383 	 -0.80800972
14 	 7.5764361 	 -0.0039002272
15 	 8.3939087 	 -0.55603304
16 	 8.9316508 	 -0.010138956
17 	 9.4723289 	 -0.79753896
18 	 10.006582 	  0.45541012
19 	 8.5724671 	 -0.0013042019
FUNCTION PROFILE: 
0 	 0.030529619324
1 	 0.296695027157
2 	 0.763744139679
3 	 0.741895800396
4 	 0.234661660356
5 	 0.329063621194
6 	 0.817112661016
7 	 0.551762337929
8 	 0.589908531547
9 	 0.065945904069
10 	 0.053938328567
11 	 0.623233060071
12 	 0.313605746668
13 	 0.908434800009
14 	 0.767371136899
15 	 0.470916460063
16 	 0.917198081681
17 	 0.599673838021
18 	 0.813487257121
19 	 0.183868762876
# END OF FILE #