PROBLEM_NAME: RAP-NC-L_0309.txt
PROBLEM_TYPE: UB
NB_RESOURCES: 100
LINEAR_TERM: 29.9876
BOUNDS SECTION: INDEX 	 UB 	 LINEAR_TERM
0 	 0.63671124 	 -0.045099608
1 	 1.0274676 	  0.31798473
2 	 1.7391176 	  0.80808887
3 	 2.2903378 	 -0.26231263
4 	 2.7747998 	  0.59185071
5 	 3.3180081 	  0.27924869
6 	 4.0176082 	  0.95062021
7 	 4.7470686 	 -0.66122421
8 	 5.3336419 	 -0.54360017
9 	 5.8015471 	  0.77653641
10 	 6.1553939 	  0.25768115
11 	 6.6660567 	 -0.049966727
12 	 7.151883 	  0.040919144
13 	 7.50756 	 -0.77093982
14 	 7.9193949 	  0.47217392
15 	 8.4447307 	 -0.92672091
16 	 8.734961 	  0.74524628
17 	 9.3182916 	  0.010400783
18 	 9.6936444 	 -0.61081785
19 	 10.201139 	 -0.6536124
20 	 10.703853 	  0.20885412
21 	 11.259889 	  0.8752013
22 	 11.675468 	 -0.20068595
23 	 12.423866 	  0.22222944
24 	 12.892642 	 -0.79024457
25 	 13.200922 	  0.75188245
26 	 13.715638 	 -0.41218583
27 	 13.960901 	 -0.042192843
28 	 14.673722 	  0.35595161
29 	 15.261654 	  0.57842842
30 	 15.543708 	  0.87327919
31 	 16.143787 	  0.83067092
32 	 16.579269 	  0.87803151
33 	 16.872207 	 -0.69493813
34 	 17.252198 	 -0.69170881
35 	 18.047349 	 -0.2898831
36 	 18.519494 	  0.81157916
37 	 19.042302 	  0.72864426
38 	 19.636114 	  0.41715808
39 	 20.290765 	  0.238303
40 	 20.884338 	 -0.6890989
41 	 21.613654 	 -0.57467972
42 	 22.033514 	  0.94453418
43 	 22.501671 	  0.29026042
44 	 22.797662 	  0.23274821
45 	 23.148348 	  0.64302838
46 	 23.451248 	 -0.057948092
47 	 24.05823 	  0.89913585
48 	 24.6141 	  0.79902119
49 	 25.074703 	  0.1409454
50 	 25.49119 	 -0.21789231
51 	 25.72963 	  0.87376364
52 	 26.379665 	 -0.75536757
53 	 26.865861 	  0.59997777
54 	 27.385067 	  0.21409704
55 	 27.857439 	  0.77462916
56 	 28.481905 	 -0.92434975
57 	 29.179741 	 -0.029948276
58 	 29.605214 	 -0.4135996
59 	 30.166384 	 -0.71741182
60 	 30.512541 	 -0.29225574
61 	 31.133974 	  0.062012058
62 	 31.492571 	 -0.66512351
63 	 32.048884 	  0.031134887
64 	 32.483417 	 -0.28922697
65 	 33.164595 	  0.686254
66 	 33.328992 	 -0.80837408
67 	 33.756647 	 -0.97565387
68 	 34.231779 	  0.34992893
69 	 34.760095 	  0.55557698
70 	 35.226024 	 -0.91497648
71 	 35.71547 	 -0.87587587
72 	 36.371502 	  0.81007078
73 	 36.854866 	 -0.85079513
74 	 37.555351 	  0.13429648
75 	 38.226111 	  0.43947692
76 	 38.657412 	  0.80817264
77 	 39.292077 	 -0.77229876
78 	 39.841858 	  0.33993853
79 	 40.472794 	  0.53102627
80 	 40.968256 	  0.22919669
81 	 41.405139 	 -0.16757011
82 	 41.871287 	  0.18826651
83 	 42.480806 	  0.15017601
84 	 42.768918 	  0.96489384
85 	 42.972926 	  0.47397898
86 	 43.568929 	 -0.73325955
87 	 44.316609 	  0.45854592
88 	 44.598033 	  0.16698787
89 	 45.121725 	 -0.54609339
90 	 45.848227 	 -0.78930506
91 	 46.185043 	  0.66524046
92 	 46.624218 	  0.35207643
93 	 46.9838 	  0.38063236
94 	 47.288305 	  0.55105851
95 	 47.929985 	 -0.88755264
96 	 48.393795 	 -0.7168384
97 	 49.027532 	  0.76034798
98 	 49.742013 	 -0.32065805
99 	 48.437285 	 -0.82850035
FUNCTION PROFILE: 
0 	 0.6119421155
1 	 0.69359419911
2 	 0.983609126076
3 	 0.760825644251
4 	 0.656763394645
5 	 0.481070563315
6 	 0.688259332159
7 	 0.199248417314
8 	 0.828463460038
9 	 0.631756108356
10 	 0.413742830833
11 	 0.678343521149
12 	 0.738375933514
13 	 0.247333865861
14 	 0.811949818096
15 	 0.115985127156
16 	 0.030357732444
17 	 0.855206964708
18 	 0.555762705576
19 	 0.151568165187
20 	 0.63727571609
21 	 0.32547632922
22 	 0.567256425121
23 	 0.185989339964
24 	 0.845582764701
25 	 0.167119050102
26 	 0.168143920211
27 	 0.103768945006
28 	 0.504929889584
29 	 0.776244588463
30 	 0.189177813333
31 	 0.490408526587
32 	 0.498246356829
33 	 0.077295293217
34 	 0.56254686162
35 	 0.276561481377
36 	 0.556320021163
37 	 0.573147871496
38 	 0.097801261369
39 	 0.239040499442
40 	 0.346326559835
41 	 0.618715323321
42 	 0.001311739959
43 	 0.639729359545
44 	 0.838862348485
45 	 0.609165318164
46 	 0.579891789146
47 	 0.406372533294
48 	 0.708925818994
49 	 0.024298285257
50 	 0.507267844093
51 	 0.340869296214
52 	 0.371791743181
53 	 0.66421689096
54 	 0.286918372858
55 	 0.090748136407
56 	 0.967085768338
57 	 0.823301317644
58 	 0.865523513946
59 	 0.849007777335
60 	 0.143939538591
61 	 0.08871573704
62 	 0.827505471295
63 	 0.888529710184
64 	 0.614907511625
65 	 0.229673206836
66 	 0.462055001236
67 	 0.571615494737
68 	 0.540345597389
69 	 0.741029008083
70 	 0.808526140794
71 	 0.60672397981
72 	 0.180637992958
73 	 0.725685270649
74 	 0.729512024227
75 	 0.646576040243
76 	 0.907013227502
77 	 0.418667923598
78 	 0.922191732277
79 	 0.998702369243
80 	 0.658069966804
81 	 0.227174367113
82 	 0.418909812544
83 	 0.939227689608
84 	 0.422299099086
85 	 0.720098028179
86 	 0.676141510433
87 	 0.208431800061
88 	 0.57816287859
89 	 0.09916855174
90 	 0.025353596264
91 	 0.964524094432
92 	 0.279653676204
93 	 0.585538581323
94 	 0.037912656369
95 	 0.592110962968
96 	 0.04834276285
97 	 0.850087135563
98 	 0.982268946033
99 	 0.426495411634
# END OF FILE #