PROBLEM_NAME: RAP-NC-L_0001.txt
PROBLEM_TYPE: UB
NB_RESOURCES: 10
LINEAR_TERM: 2.27707
BOUNDS SECTION: INDEX 	 UB 	 LINEAR_TERM
0 	 0.56422339 	  0.40276209
1 	 1.2108584 	  0.44361471
2 	 1.3522889 	  0.47450929
3 	 1.8708807 	 -0.69305979
4 	 2.2017732 	  0.27759821
5 	 2.6099622 	  0.95203239
6 	 3.3524914 	  0.98929608
7 	 3.8743504 	  0.21578938
8 	 4.5483852 	 -0.70880519
9 	 4.7221368 	 -0.47700865
FUNCTION PROFILE: 
0 	 0.336616886997
1 	 0.05291830268
2 	 0.277516025354
3 	 0.137147393527
4 	 0.533288660257
5 	 0.455448147447
6 	 0.255494705856
7 	 0.211794281014
8 	 0.514368394851
9 	 0.41096275268
# END OF FILE #