PROBLEM_NAME: RAP-NC-L_0108.txt
PROBLEM_TYPE: UB
NB_RESOURCES: 20
LINEAR_TERM: -1.53702
BOUNDS SECTION: INDEX 	 UB 	 LINEAR_TERM
0 	 0.49372052 	  0.99007567
1 	 0.96301825 	 -0.25615628
2 	 1.4017194 	 -0.59145983
3 	 1.7584096 	 -0.41309329
4 	 2.2974471 	 -0.52970351
5 	 2.6648114 	 -0.70965849
6 	 3.0367002 	  0.81357475
7 	 3.824883 	  0.20182488
8 	 4.4459034 	  0.87227183
9 	 4.9210007 	 -0.84231143
10 	 5.3923735 	  0.12639226
11 	 5.7109294 	  0.54021468
12 	 6.0011417 	 -0.10568148
13 	 6.6079508 	  0.84471444
14 	 7.1183674 	  0.8738694
15 	 7.7025757 	  0.62925996
16 	 8.2079865 	 -0.53959299
17 	 8.5276639 	 -0.073147699
18 	 9.0712183 	 -0.60607695
19 	 9.3613491 	  0.0015446492
FUNCTION PROFILE: 
0 	 0.090000607025
1 	 0.038200099488
2 	 0.060907541515
3 	 0.906922731539
4 	 0.813534960033
5 	 0.862312015473
6 	 0.628077817449
7 	 0.76387361952
8 	 0.937727718501
9 	 0.000137513112
10 	 0.361404940746
11 	 0.923024256543
12 	 0.990795947615
13 	 0.145922255548
14 	 0.714433709862
15 	 0.20539228693
16 	 0.183014218543
17 	 0.377648256636
18 	 0.872445419576
19 	 0.431510133466
# END OF FILE #