PROBLEM_NAME: RAP-NC-L_0303.txt
PROBLEM_TYPE: UB
NB_RESOURCES: 100
LINEAR_TERM: 45.3732
BOUNDS SECTION: INDEX 	 UB 	 LINEAR_TERM
0 	 0.45195603 	 -0.024173009
1 	 1.181877 	 -0.11402724
2 	 1.6906582 	 -0.57988393
3 	 2.157953 	  0.67415012
4 	 2.5479008 	  0.059307523
5 	 3.0035619 	 -0.60218822
6 	 3.5710135 	  0.29228327
7 	 4.2206531 	 -0.16852791
8 	 4.9796206 	 -0.57380563
9 	 5.3375143 	  0.68946695
10 	 5.4905365 	  0.28049301
11 	 6.136009 	  0.40337385
12 	 6.6642725 	  0.3350355
13 	 7.465988 	 -0.73114789
14 	 8.0669849 	 -0.11351758
15 	 8.4163698 	  0.011085267
16 	 8.8987079 	  0.5724552
17 	 9.3314151 	 -0.5891876
18 	 9.8646047 	  0.45565426
19 	 10.082215 	  0.44523716
20 	 10.899323 	  0.23619909
21 	 11.519754 	 -0.8425738
22 	 11.932402 	 -0.30028395
23 	 12.574305 	  0.77687251
24 	 13.083474 	 -0.92451742
25 	 13.546748 	  0.79184982
26 	 14.090809 	 -0.94290723
27 	 14.669397 	 -0.45930848
28 	 14.996463 	  0.68900753
29 	 15.416186 	  0.34704966
30 	 16.016912 	  0.31946084
31 	 16.454921 	  0.89474005
32 	 17.124452 	 -0.12783755
33 	 17.499842 	  0.97659336
34 	 18.09002 	 -0.23823098
35 	 18.524354 	  0.76625417
36 	 18.995578 	  0.79190252
37 	 19.417998 	  0.55761008
38 	 20.131835 	 -0.63445583
39 	 20.859801 	  0.26198005
40 	 21.7004 	  0.12524722
41 	 22.238389 	  0.0052868005
42 	 22.392759 	 -0.80144635
43 	 22.965401 	  0.70904248
44 	 23.233882 	 -0.5415363
45 	 23.946302 	  0.69907598
46 	 24.695508 	  0.36169295
47 	 25.383447 	  0.49315979
48 	 26.126455 	 -0.18311731
49 	 26.803862 	  0.10432629
50 	 27.359435 	 -0.67523148
51 	 27.722478 	  0.55677622
52 	 28.126328 	  0.20053496
53 	 28.733822 	  0.75140504
54 	 28.960073 	  0.49546864
55 	 29.66585 	  0.25886808
56 	 29.936464 	 -0.37889378
57 	 30.582688 	  0.22399616
58 	 31.080609 	  0.8197534
59 	 31.615027 	 -0.45000237
60 	 31.903362 	 -0.001019889
61 	 32.453566 	 -0.57130871
62 	 32.728017 	 -0.37165465
63 	 33.110878 	 -0.11613106
64 	 33.565453 	 -0.80709759
65 	 34.273833 	 -0.17482763
66 	 34.74268 	  0.66617728
67 	 35.258201 	 -0.79955784
68 	 35.87096 	 -0.33610591
69 	 36.344711 	  0.74301009
70 	 36.797363 	  0.10537038
71 	 37.149043 	  0.60094206
72 	 37.67569 	 -0.73442345
73 	 38.200927 	  0.6974643
74 	 38.439848 	 -0.57596643
75 	 39.035295 	  0.91906999
76 	 39.587163 	 -0.8663638
77 	 39.998772 	  0.90202019
78 	 40.403856 	  0.050857465
79 	 40.878258 	 -0.94391921
80 	 41.590658 	  0.00031867334
81 	 42.080141 	 -0.45679567
82 	 42.503088 	  0.63132499
83 	 43.122554 	 -0.14569795
84 	 43.635873 	 -0.65681501
85 	 43.96222 	 -0.60536037
86 	 44.18961 	 -0.52654229
87 	 44.798232 	  0.93374744
88 	 45.540915 	  0.18209564
89 	 45.818684 	 -0.64536272
90 	 46.208579 	 -0.036063011
91 	 46.680358 	  0.039839879
92 	 47.339021 	  0.43627617
93 	 48.00246 	 -0.97619094
94 	 48.61533 	  0.39290279
95 	 49.16043 	  0.94145364
96 	 49.622304 	 -0.56297588
97 	 50.155469 	 -0.71781808
98 	 50.624912 	  0.076974201
99 	 50.141332 	 -0.28459763
FUNCTION PROFILE: 
0 	 0.256046881197
1 	 0.668012504429
2 	 0.223386755346
3 	 0.948484638053
4 	 0.167113549749
5 	 0.197940297602
6 	 0.121703171359
7 	 0.232487960664
8 	 0.991162147438
9 	 0.335222916948
10 	 0.004185608951
11 	 0.263305185582
12 	 0.878753641981
13 	 0.975312691111
14 	 0.893076125717
15 	 0.663801138102
16 	 0.497455523806
17 	 0.114069095992
18 	 0.321401948352
19 	 0.423041697033
20 	 0.334256080993
21 	 0.113422056944
22 	 0.182180189614
23 	 0.140389268503
24 	 0.733000257298
25 	 0.700700238884
26 	 0.742842240867
27 	 0.259876276351
28 	 0.363174029423
29 	 0.996608413565
30 	 0.937129833444
31 	 0.940547915893
32 	 0.783703097723
33 	 0.685522424825
34 	 0.168621371668
35 	 0.528620114228
36 	 0.671944927912
37 	 0.382472943826
38 	 0.412557338635
39 	 0.019627490946
40 	 0.808098703533
41 	 0.892762945067
42 	 0.358399069009
43 	 0.113559465995
44 	 0.54443215683
45 	 0.585712311367
46 	 0.33258172114
47 	 0.482400906842
48 	 0.312901680172
49 	 0.273395839131
50 	 0.077911753333
51 	 0.66197498387
52 	 0.4105450404
53 	 0.876997714758
54 	 0.522802814722
55 	 0.245517915059
56 	 0.159413154791
57 	 0.772574622698
58 	 0.150655754307
59 	 0.809159373949
60 	 0.502081145069
61 	 0.143758407146
62 	 0.107257850407
63 	 0.321352982375
64 	 0.646058534126
65 	 0.886117603913
66 	 0.970105719143
67 	 0.967025176027
68 	 0.571511917369
69 	 0.78551703656
70 	 0.122854530508
71 	 0.081231395769
72 	 0.971618865036
73 	 0.423229949195
74 	 0.49425180382
75 	 0.005805947558
76 	 0.981269420303
77 	 0.738897686418
78 	 0.793076984164
79 	 0.482813407413
80 	 0.259813082396
81 	 0.481501060108
82 	 0.659123595477
83 	 0.110378542011
84 	 0.457999830362
85 	 0.043514727543
86 	 0.624348679225
87 	 0.001999910267
88 	 0.220009058327
89 	 0.806080517241
90 	 0.566789862541
91 	 0.600942661458
92 	 0.669418581027
93 	 0.473883085681
94 	 0.388451420317
95 	 0.632987255947
96 	 0.577241862092
97 	 0.315972046349
98 	 0.007981786821
99 	 0.953799108104
# END OF FILE #