PROBLEM_NAME: RAP-NC-L_0003.txt
PROBLEM_TYPE: UB
NB_RESOURCES: 10
LINEAR_TERM: 1.17955
BOUNDS SECTION: INDEX 	 UB 	 LINEAR_TERM
0 	 0.4614823 	 -0.27222337
1 	 0.79534144 	  0.73998603
2 	 1.1961911 	  0.095185807
3 	 1.7441989 	  0.87434369
4 	 2.3036749 	  0.7611693
5 	 2.7474659 	 -0.83056144
6 	 3.4175607 	 -0.8903505
7 	 3.8494664 	 -0.44987662
8 	 4.3852728 	 -0.1100782
9 	 4.1159238 	  0.66685114
FUNCTION PROFILE: 
0 	 0.750793479161
1 	 0.097889211114
2 	 0.183688717089
3 	 0.602968612869
4 	 0.519750470862
5 	 0.241643391295
6 	 0.607839009451
7 	 0.996636800678
8 	 0.806690577121
9 	 0.247913203826
# END OF FILE #