PROBLEM_NAME: RAP-NC-L_0002.txt
PROBLEM_TYPE: UB
NB_RESOURCES: 10
LINEAR_TERM: -0.198913
BOUNDS SECTION: INDEX 	 UB 	 LINEAR_TERM
0 	 0.61454046 	 -0.076989687
1 	 1.2845738 	 -0.88586977
2 	 1.8692212 	 -0.33457187
3 	 2.2431459 	  0.95663682
4 	 2.9885699 	 -0.61771302
5 	 3.5136506 	 -0.8715295
6 	 4.2059559 	  0.36292744
7 	 4.8552995 	  0.51647259
8 	 5.1835881 	 -0.82414432
9 	 5.5963281 	  0.93200518
FUNCTION PROFILE: 
0 	 0.479360388034
1 	 0.848576636176
2 	 0.940627314159
3 	 0.609511614518
4 	 0.608585238456
5 	 0.452930323604
6 	 0.275751977371
7 	 0.076236138195
8 	 0.445292906148
9 	 0.090894815116
# END OF FILE #