PROBLEM_NAME: RAP-NC-L_0503.txt
PROBLEM_TYPE: UB
NB_RESOURCES: 500
LINEAR_TERM: -21.6743
BOUNDS SECTION: INDEX 	 UB 	 LINEAR_TERM
0 	 0.3625871 	 -0.41323512
1 	 0.78352124 	 -0.53112622
2 	 1.5375763 	 -0.48917147
3 	 1.893869 	  0.89701117
4 	 2.624317 	 -0.89256281
5 	 2.9878577 	 -0.63686208
6 	 3.6898049 	  0.42259154
7 	 4.2695899 	  0.98765955
8 	 4.7543658 	  0.61269575
9 	 5.0983168 	 -0.79070568
10 	 5.6730897 	 -0.95428914
11 	 6.4176072 	 -0.88636098
12 	 6.87704 	 -0.54626514
13 	 7.4674989 	 -0.40343717
14 	 7.8934438 	 -0.48214176
15 	 8.431222 	 -0.78163429
16 	 8.9536395 	  0.38809781
17 	 9.4820616 	  0.20850927
18 	 9.8580161 	 -0.7995232
19 	 10.433498 	  0.22503973
20 	 10.824827 	  0.57409179
21 	 11.48647 	  0.48037542
22 	 12.127084 	 -0.54586607
23 	 12.654869 	  0.82575249
24 	 12.92686 	 -0.87569452
25 	 13.413626 	  0.4085292
26 	 14.082994 	 -0.66256439
27 	 14.627915 	  0.21380471
28 	 15.125781 	  0.044033402
29 	 15.803368 	  0.78053838
30 	 16.33103 	 -0.13215757
31 	 17.133175 	 -0.28746383
32 	 17.735082 	  0.16768098
33 	 18.470179 	 -0.036253938
34 	 19.11925 	  0.72742417
35 	 19.758459 	  0.79506669
36 	 20.444649 	 -0.061130037
37 	 21.065171 	 -0.29610587
38 	 21.581706 	 -0.48377745
39 	 22.028738 	 -0.91699061
40 	 22.714681 	  0.73864933
41 	 23.271333 	  0.26375941
42 	 23.507232 	 -0.17222724
43 	 24.188844 	 -0.14142037
44 	 24.557609 	  0.14891773
45 	 24.711367 	 -0.81316246
46 	 25.226215 	 -0.084735349
47 	 25.904542 	 -0.34853318
48 	 26.288407 	 -0.26919348
49 	 26.79712 	  0.58538321
50 	 27.287564 	  0.052869202
51 	 28.013947 	  0.37358567
52 	 28.50428 	  0.79605345
53 	 29.067655 	  0.22987534
54 	 29.55081 	 -0.94094845
55 	 30.086103 	  0.73200192
56 	 30.726478 	  0.50108973
57 	 31.300667 	 -0.084875756
58 	 31.834763 	 -0.64398361
59 	 32.268853 	  0.28015685
60 	 32.568333 	  0.40889218
61 	 33.044418 	  0.56603522
62 	 33.40822 	  0.71957255
63 	 33.850504 	  0.57871191
64 	 34.421178 	 -0.15479992
65 	 35.246077 	  0.3413846
66 	 35.892705 	  0.56785337
67 	 36.327605 	  0.36008392
68 	 36.692472 	 -0.065895586
69 	 37.285418 	  0.29502004
70 	 37.712027 	  0.49697285
71 	 38.299413 	 -0.9431113
72 	 38.7652 	 -0.95419142
73 	 39.554514 	 -0.41615179
74 	 40.097138 	  0.42645997
75 	 40.294129 	  0.047178889
76 	 40.786372 	 -0.25473472
77 	 41.315139 	 -0.23480963
78 	 41.616706 	  0.2091766
79 	 42.124306 	  0.52762509
80 	 42.532994 	  0.58615284
81 	 43.101362 	 -0.49152153
82 	 43.791694 	  0.70124061
83 	 44.49276 	 -0.83350785
84 	 45.099606 	  0.10816118
85 	 45.685869 	  0.29877966
86 	 46.263756 	 -0.32141925
87 	 46.759812 	  0.28550267
88 	 47.048859 	 -0.014671156
89 	 47.509223 	 -0.59816312
90 	 47.889346 	 -0.81864603
91 	 48.135675 	  0.71489904
92 	 48.651197 	 -0.98655969
93 	 49.174463 	 -0.25277244
94 	 49.843068 	 -0.023265615
95 	 50.332568 	  0.49877645
96 	 51.013368 	  0.82152635
97 	 51.75985 	  0.12604709
98 	 52.577356 	 -0.54745105
99 	 53.145017 	 -0.84505865
100 	 53.705945 	 -0.26121797
101 	 54.244107 	 -0.98390394
102 	 54.957669 	  0.90708412
103 	 55.522691 	 -0.35543906
104 	 56.041665 	  0.091399977
105 	 56.626581 	 -0.73666327
106 	 57.17739 	 -0.65126821
107 	 57.497193 	 -0.12957788
108 	 57.922342 	  0.11314189
109 	 58.440214 	 -0.723469
110 	 58.960299 	  0.24597552
111 	 59.555697 	  0.62594895
112 	 60.070125 	 -0.8509908
113 	 60.685895 	  0.44504203
114 	 61.287975 	 -0.46131605
115 	 61.581854 	  0.95656594
116 	 62.180732 	  0.83009388
117 	 62.710681 	 -0.52597228
118 	 63.122494 	  0.85399626
119 	 63.661498 	  0.30197052
120 	 64.031987 	  0.18549773
121 	 64.267573 	  0.94400506
122 	 64.532159 	  0.54205306
123 	 65.084173 	 -0.15960697
124 	 65.226421 	  0.42010817
125 	 65.839921 	  0.62263516
126 	 66.093095 	 -0.078023666
127 	 66.746783 	  0.29970663
128 	 67.181681 	  0.92509497
129 	 67.693128 	 -0.50514041
130 	 68.567373 	 -0.77171951
131 	 69.105354 	  0.68309796
132 	 69.495682 	 -0.2718903
133 	 70.005675 	  0.23855781
134 	 70.628609 	 -0.56112248
135 	 70.880421 	  0.60221197
136 	 71.466116 	 -0.43114988
137 	 72.053149 	  0.082151089
138 	 72.669108 	 -0.68995846
139 	 72.948164 	 -0.097611578
140 	 73.464831 	 -0.54451816
141 	 73.784901 	 -0.036465349
142 	 74.287185 	 -0.48906802
143 	 74.737567 	  0.72452941
144 	 75.219218 	 -0.55109164
145 	 75.741247 	  0.43817677
146 	 75.955331 	 -0.49953289
147 	 76.243444 	  0.74214118
148 	 77.004495 	 -0.16430605
149 	 77.661484 	 -0.70588607
150 	 78.150425 	 -0.77281497
151 	 78.37417 	 -0.94055162
152 	 78.864532 	  0.69889468
153 	 79.431791 	  0.83656847
154 	 79.872944 	  0.40768795
155 	 80.638937 	 -0.51718952
156 	 81.136952 	 -0.49083896
157 	 81.65313 	 -0.40499039
158 	 82.323635 	 -0.97461345
159 	 82.945933 	 -0.59045354
160 	 83.498822 	  0.39416204
161 	 83.781692 	  0.96833097
162 	 84.272626 	 -0.71833764
163 	 84.669465 	 -0.48982602
164 	 85.305139 	  0.073839258
165 	 86.026182 	 -0.27805872
166 	 86.499287 	 -0.49596443
167 	 86.987857 	 -0.99658069
168 	 87.402411 	  0.80585906
169 	 87.807068 	  0.65050414
170 	 88.429802 	  0.27012303
171 	 88.907776 	  0.8073338
172 	 89.449108 	 -0.65549579
173 	 89.681145 	 -0.16849813
174 	 90.043809 	 -0.13534842
175 	 90.717413 	 -0.97728669
176 	 91.00102 	 -0.7515006
177 	 91.663916 	 -0.58588298
178 	 92.069802 	 -0.94812714
179 	 92.518293 	 -0.79890941
180 	 93.039142 	  0.25806804
181 	 93.381158 	  0.53474396
182 	 93.965976 	 -0.51245931
183 	 94.785725 	  0.24618251
184 	 95.407336 	  0.46657168
185 	 95.818353 	 -0.28375515
186 	 96.200703 	 -0.57677048
187 	 96.682219 	  0.67337825
188 	 97.258861 	  0.47954703
189 	 98.001682 	 -0.48263189
190 	 98.645699 	 -0.79072227
191 	 99.374232 	  0.13792355
192 	 99.670877 	 -0.40653621
193 	 100.18151 	 -0.43820996
194 	 100.79504 	 -0.48834486
195 	 101.06037 	  0.52365303
196 	 101.82099 	  0.68027901
197 	 102.33302 	 -0.17297061
198 	 102.82482 	  0.35326947
199 	 103.61301 	 -0.68696266
200 	 104.32883 	 -0.29002489
201 	 104.87303 	  0.32050393
202 	 105.37248 	 -0.70817681
203 	 105.80739 	 -0.92918933
204 	 106.12583 	  0.45676514
205 	 106.51853 	  0.52360799
206 	 106.97293 	  0.49114946
207 	 107.4853 	 -0.39999765
208 	 108.12533 	 -0.59679059
209 	 108.67212 	  0.26895916
210 	 109.43022 	  0.32525766
211 	 110.04877 	  0.036322289
212 	 110.51943 	  0.33120291
213 	 110.65673 	  0.038907896
214 	 111.39154 	  0.55929323
215 	 112.04706 	  0.3315857
216 	 112.6555 	 -0.85954507
217 	 113.03231 	 -0.85528691
218 	 113.67685 	  0.45820916
219 	 114.03599 	 -0.0016338773
220 	 114.35975 	  0.70148214
221 	 114.92811 	 -0.79741361
222 	 115.45172 	  0.32661288
223 	 115.97188 	  0.011809803
224 	 116.17303 	  0.48713787
225 	 116.49637 	 -0.38252149
226 	 116.86512 	  0.50126634
227 	 117.35372 	 -0.32014324
228 	 117.8618 	 -0.018695498
229 	 118.15232 	 -0.81850931
230 	 118.73554 	  0.072822817
231 	 119.40399 	 -0.24373416
232 	 119.9252 	  0.26881682
233 	 120.36953 	  0.81882283
234 	 120.8532 	  0.70798233
235 	 121.36986 	  0.26615315
236 	 121.99109 	 -0.66773179
237 	 122.418 	  0.22107335
238 	 123.1305 	  0.35997258
239 	 123.62035 	 -0.93363061
240 	 124.47805 	 -0.60989534
241 	 124.98288 	  0.26263594
242 	 125.48495 	 -0.60452571
243 	 126.01946 	 -0.96745749
244 	 126.65252 	 -0.33344552
245 	 127.34755 	 -0.91490903
246 	 127.86082 	  0.93822275
247 	 128.47423 	 -0.46014872
248 	 128.98554 	 -0.63366457
249 	 129.4907 	 -0.97008392
250 	 130.12113 	 -0.45889715
251 	 130.82785 	 -0.071950416
252 	 131.18191 	  0.98203793
253 	 131.92405 	 -0.059140552
254 	 132.38673 	  0.28759324
255 	 132.96006 	 -0.13494704
256 	 133.32861 	  0.30059018
257 	 133.91455 	 -0.82007772
258 	 134.41843 	  0.94231663
259 	 134.74623 	 -0.57515156
260 	 135.24643 	  0.0077353161
261 	 135.6884 	 -0.70118458
262 	 136.20354 	  0.9451523
263 	 136.90941 	 -0.52640877
264 	 137.57163 	 -0.62077381
265 	 138.04671 	  0.92116471
266 	 138.37143 	 -0.89604526
267 	 138.60217 	  0.13462774
268 	 139.24758 	 -0.15442952
269 	 139.94975 	  0.50522662
270 	 140.49451 	 -0.40320859
271 	 141.06308 	 -0.4789878
272 	 141.49937 	 -0.42519441
273 	 141.98272 	  0.18375847
274 	 142.59659 	 -0.86958071
275 	 143.19343 	 -0.13545999
276 	 143.69363 	 -0.47238827
277 	 144.38042 	  0.9249606
278 	 144.98956 	  0.10283287
279 	 145.88139 	  0.17342873
280 	 146.52991 	  0.7643218
281 	 147.152 	 -0.25539922
282 	 147.89106 	 -0.98485504
283 	 148.40979 	 -0.52378453
284 	 148.96499 	 -0.65796447
285 	 149.25159 	  0.72807079
286 	 149.81755 	 -0.3772745
287 	 150.29802 	  0.16885652
288 	 150.7634 	  0.36248363
289 	 151.60865 	 -0.21009842
290 	 151.81295 	 -0.27900016
291 	 152.42369 	 -0.9570064
292 	 152.83178 	 -0.20000115
293 	 153.65055 	  0.18681152
294 	 154.0597 	  0.6144393
295 	 154.5423 	 -0.29648444
296 	 155.20953 	  0.072232899
297 	 155.71581 	 -0.76179352
298 	 156.16973 	  0.77928874
299 	 156.49151 	 -0.52880289
300 	 156.9072 	 -0.15745594
301 	 157.31079 	  0.36996556
302 	 157.89419 	  0.78487281
303 	 158.53911 	 -0.54440184
304 	 159.18093 	  0.53355276
305 	 159.62477 	 -0.47273327
306 	 160.21348 	 -0.56590371
307 	 160.92343 	 -0.030304859
308 	 161.29969 	 -0.24340841
309 	 161.79514 	  0.87651055
310 	 162.4366 	 -0.59372562
311 	 163.16184 	  0.57621433
312 	 163.58872 	  0.80198153
313 	 164.37562 	  0.44713949
314 	 164.86067 	 -0.49568894
315 	 165.1212 	  0.57913885
316 	 165.68734 	 -0.149382
317 	 165.98852 	 -0.022723406
318 	 166.32804 	 -0.48304473
319 	 166.80855 	  0.23035144
320 	 167.36227 	 -0.12338435
321 	 167.80829 	 -0.54882555
322 	 168.1642 	  0.78582399
323 	 168.59926 	 -0.88129819
324 	 169.17187 	 -0.73429268
325 	 169.40646 	  0.71665354
326 	 170.16 	  0.94042815
327 	 170.69897 	 -0.99883003
328 	 171.09535 	 -0.44358686
329 	 171.75659 	  0.79463347
330 	 172.58944 	  0.2484876
331 	 173.44076 	  0.82733948
332 	 173.99247 	 -0.65845783
333 	 174.37938 	  0.753383
334 	 174.88566 	  0.67747678
335 	 175.33988 	 -0.18520496
336 	 175.82365 	  0.22004013
337 	 176.35155 	 -0.30663004
338 	 176.8708 	 -0.26099003
339 	 177.41919 	  0.44857803
340 	 177.82824 	 -0.025308037
341 	 178.31464 	  0.23755522
342 	 178.83855 	 -0.53449284
343 	 179.28796 	  0.85345958
344 	 180.0179 	  0.079571262
345 	 180.74687 	 -0.22899533
346 	 181.38128 	  0.56259884
347 	 181.90299 	 -0.33905826
348 	 182.45993 	  0.45028614
349 	 182.76848 	 -0.94136894
350 	 183.21262 	 -0.85075571
351 	 183.77632 	  0.4822027
352 	 184.04616 	  0.68094508
353 	 184.65356 	 -0.71643878
354 	 184.99324 	  0.93779169
355 	 185.45938 	  0.83226005
356 	 185.9687 	  0.8097599
357 	 186.77888 	 -0.1068747
358 	 187.03291 	 -0.51402012
359 	 187.66696 	 -0.99785814
360 	 188.26194 	 -0.84119611
361 	 188.62111 	  0.97414069
362 	 189.25304 	 -0.43436528
363 	 189.66446 	  0.32061301
364 	 190.13466 	  0.10308474
365 	 190.81766 	 -0.072893948
366 	 191.36235 	  0.30649437
367 	 191.94884 	  0.50532196
368 	 192.66426 	 -0.21457806
369 	 193.21726 	  0.014781738
370 	 193.95314 	  0.60926059
371 	 194.41969 	 -0.60211418
372 	 194.87859 	  0.75755011
373 	 195.2689 	 -0.47900192
374 	 195.78175 	 -0.17473101
375 	 196.31809 	  0.68522118
376 	 196.59395 	 -0.76637712
377 	 197.02058 	 -0.11426664
378 	 197.56052 	 -0.68673207
379 	 197.91651 	  0.46397304
380 	 198.561 	  0.92792175
381 	 198.85907 	 -0.26057202
382 	 199.36587 	 -0.2394724
383 	 199.89697 	 -0.63125128
384 	 200.32747 	 -0.96962171
385 	 200.97871 	 -0.7686604
386 	 201.59836 	  0.55193019
387 	 202.37283 	 -0.70744038
388 	 202.9813 	  0.48542141
389 	 203.30901 	 -0.85803178
390 	 203.61679 	 -0.46301945
391 	 204.2342 	  0.40000463
392 	 204.6568 	 -0.67560011
393 	 205.47308 	 -0.36760078
394 	 205.93857 	  0.43178349
395 	 206.33755 	 -0.98017531
396 	 206.77516 	 -0.17260208
397 	 207.22226 	 -0.53968013
398 	 207.80941 	  0.2513805
399 	 208.23174 	 -0.21952415
400 	 208.63269 	 -0.97955581
401 	 209.2498 	 -0.21620112
402 	 209.90086 	  0.24142634
403 	 210.17373 	 -0.9074438
404 	 210.68202 	 -0.47928568
405 	 211.1644 	 -0.28045914
406 	 211.74892 	 -0.44769239
407 	 212.01645 	  0.32458314
408 	 212.62995 	 -0.15135759
409 	 213.13005 	 -0.64561343
410 	 213.57232 	 -0.83528109
411 	 213.8846 	 -0.13770857
412 	 214.14841 	 -0.0073859241
413 	 214.77342 	 -0.40357421
414 	 215.39386 	 -0.45766742
415 	 215.86944 	 -0.69482283
416 	 216.34903 	  0.88885491
417 	 216.80258 	 -0.21377268
418 	 217.52512 	  0.42650433
419 	 217.821 	  0.7066671
420 	 218.42588 	 -0.97395614
421 	 218.80742 	 -0.15111438
422 	 219.04718 	 -0.011359148
423 	 219.43039 	 -0.31920675
424 	 219.66369 	  0.54029011
425 	 220.44865 	 -0.92579095
426 	 220.99695 	  0.72780954
427 	 221.32195 	  0.53470345
428 	 221.82963 	 -0.0011877848
429 	 222.2552 	  0.082517666
430 	 222.72164 	  0.28539929
431 	 223.2351 	  0.32782957
432 	 223.91013 	  0.43718583
433 	 224.20292 	  0.93002096
434 	 224.89791 	  0.36775584
435 	 225.54609 	  0.59696181
436 	 226.00715 	 -0.81990253
437 	 226.616 	 -0.33426266
438 	 227.17034 	  0.75519913
439 	 227.51935 	 -0.55865055
440 	 227.96029 	 -0.9519211
441 	 228.40951 	 -0.31376981
442 	 228.9145 	 -0.59619598
443 	 229.34309 	 -0.94565228
444 	 229.65891 	 -0.29231478
445 	 230.09859 	 -0.45602876
446 	 230.52113 	  0.41008998
447 	 230.95743 	  0.14625278
448 	 231.66178 	  0.0061781378
449 	 232.26824 	 -0.099619661
450 	 232.65818 	  0.19416281
451 	 233.16588 	 -0.39481367
452 	 233.74218 	  0.48276319
453 	 234.14203 	  0.74417834
454 	 234.67578 	 -0.70688787
455 	 235.24369 	 -0.67299875
456 	 235.72038 	  0.92664864
457 	 236.22288 	  0.38132175
458 	 236.56494 	 -0.76980914
459 	 236.86447 	 -0.21678881
460 	 237.45016 	 -0.77707598
461 	 237.84388 	  0.80454338
462 	 238.2754 	 -0.59670193
463 	 238.52002 	  0.011945844
464 	 239.06419 	  0.18380315
465 	 239.59588 	  0.71413252
466 	 240.23748 	 -0.6919203
467 	 240.61717 	  0.11598234
468 	 241.31763 	  0.70615411
469 	 241.96244 	  0.34799335
470 	 242.32267 	 -0.25683382
471 	 242.84419 	  0.96932543
472 	 243.45225 	  0.28496194
473 	 244.07824 	 -0.73867021
474 	 244.44176 	 -0.15935719
475 	 245.15184 	 -0.76427211
476 	 245.69483 	  0.036181414
477 	 246.27059 	  0.68621449
478 	 246.83472 	  0.70767618
479 	 247.59851 	  0.42921724
480 	 248.10554 	 -0.54912659
481 	 248.76452 	 -0.67889969
482 	 249.47414 	  0.21490154
483 	 249.85343 	  0.50000669
484 	 250.58704 	 -0.32412478
485 	 251.04539 	  0.16708652
486 	 251.46481 	  0.89159404
487 	 251.88955 	 -0.87227762
488 	 252.32278 	  0.72390678
489 	 252.92401 	  0.24616124
490 	 253.70552 	 -0.68750248
491 	 254.10107 	 -0.73562097
492 	 254.77633 	 -0.32355642
493 	 255.42617 	  0.98303869
494 	 256.05113 	 -0.20315044
495 	 256.49519 	  0.61599689
496 	 257.14338 	  0.83117415
497 	 257.63647 	 -0.49946261
498 	 257.92994 	  0.37917257
499 	 249.26601 	 -0.053792911
FUNCTION PROFILE: 
0 	 0.970708156472
1 	 0.793483054762
2 	 0.384777230786
3 	 0.696421098905
4 	 0.387721514975
5 	 0.33884190116
6 	 0.00866323389
7 	 0.264278978706
8 	 0.187940435827
9 	 0.812361202909
10 	 0.978879844424
11 	 0.327932560662
12 	 0.572915042378
13 	 0.707325983032
14 	 0.43346670531
15 	 0.697941173464
16 	 0.285398422007
17 	 0.15971353679
18 	 0.062297366083
19 	 0.997190438226
20 	 0.536560478053
21 	 0.584131324886
22 	 0.188157550167
23 	 0.681067415613
24 	 0.7760925551
25 	 0.028288290118
26 	 0.673619084755
27 	 0.198948905714
28 	 0.57805595212
29 	 0.683262867777
30 	 0.402501721063
31 	 0.350336335647
32 	 0.644578524581
33 	 0.066895084557
34 	 0.112644168684
35 	 0.223214460797
36 	 0.145964561247
37 	 0.261757838688
38 	 0.130199776935
39 	 0.204138160655
40 	 0.665633579853
41 	 0.808476352739
42 	 0.051136254448
43 	 0.301880341255
44 	 0.581763844484
45 	 0.301141329139
46 	 0.001087210596
47 	 0.761794978425
48 	 0.170450483252
49 	 0.857568261548
50 	 0.298704650681
51 	 0.840953665468
52 	 0.539308304248
53 	 0.003512580731
54 	 0.432757058385
55 	 0.773432972203
56 	 0.256789739294
57 	 0.21405432089
58 	 0.842122914477
59 	 0.8264716934
60 	 0.334829543392
61 	 0.642644838787
62 	 0.633361926042
63 	 0.707521594472
64 	 0.633980688433
65 	 0.430389089988
66 	 0.184218370527
67 	 0.228818281928
68 	 0.550415170885
69 	 0.99315882332
70 	 0.732317794747
71 	 0.359311272748
72 	 0.478417621893
73 	 0.476215585743
74 	 0.697276085703
75 	 0.418578795133
76 	 0.731688657888
77 	 0.298832193044
78 	 0.064619513813
79 	 0.123063846134
80 	 0.069271347531
81 	 0.951465861948
82 	 0.111483876617
83 	 0.533338645937
84 	 0.039999020086
85 	 0.940368862587
86 	 0.176924780097
87 	 0.715213530134
88 	 0.962951589846
89 	 0.120204139474
90 	 0.152251632309
91 	 0.659641299393
92 	 0.937495824005
93 	 0.230101539585
94 	 0.540173664171
95 	 0.110934312365
96 	 0.18048826099
97 	 0.226732226075
98 	 0.049307820868
99 	 0.246259816227
100 	 0.897220148353
101 	 0.778976607967
102 	 0.077611621745
103 	 0.263806437519
104 	 0.745064618982
105 	 0.70400850255
106 	 0.89718688631
107 	 0.982197705857
108 	 0.484894666563
109 	 0.465669971083
110 	 0.984426106451
111 	 0.615741392668
112 	 0.001717579995
113 	 0.023695085383
114 	 0.856246489958
115 	 0.450674695772
116 	 0.848032193452
117 	 0.571570549729
118 	 0.143316841183
119 	 0.858134896562
120 	 0.388409333923
121 	 0.748088900594
122 	 0.363389002151
123 	 0.109917471568
124 	 0.315235937889
125 	 0.853595179571
126 	 0.976921438747
127 	 0.662026650311
128 	 0.128764701269
129 	 0.437400161529
130 	 0.211269563043
131 	 0.597947523034
132 	 0.410592763774
133 	 0.479733857738
134 	 0.527789709383
135 	 0.592324664403
136 	 0.98350274997
137 	 0.022229436628
138 	 0.64359985268
139 	 0.571106708386
140 	 0.419225093274
141 	 0.871850835581
142 	 0.160230836
143 	 0.57394294406
144 	 0.689048257757
145 	 0.92621956441
146 	 0.847066561128
147 	 0.997062310169
148 	 0.897158355536
149 	 0.315921733281
150 	 0.156774524773
151 	 0.51116381133
152 	 0.386217500423
153 	 0.513346564829
154 	 0.22417385983
155 	 0.347396295065
156 	 0.731425237061
157 	 0.329049174808
158 	 0.809201298809
159 	 0.540903871962
160 	 0.162089610958
161 	 0.618903717792
162 	 0.678388325475
163 	 0.395595387623
164 	 0.271087315963
165 	 0.422297849773
166 	 0.328249340146
167 	 0.903028464906
168 	 0.095642916728
169 	 0.985251958893
170 	 0.300970179941
171 	 0.503600149047
172 	 0.667139012993
173 	 0.107024089642
174 	 0.078264870216
175 	 0.929950771047
176 	 0.116838627467
177 	 0.553979821443
178 	 0.797266250304
179 	 0.47285307308
180 	 0.061927346405
181 	 0.053119804349
182 	 0.64087927552
183 	 0.036767973282
184 	 0.71911046591
185 	 0.775001219093
186 	 0.568055014965
187 	 0.338932405544
188 	 0.963419742398
189 	 0.120414758008
190 	 0.446459502467
191 	 0.222678675221
192 	 0.986759001021
193 	 0.992337017352
194 	 0.472029349014
195 	 0.565747004209
196 	 0.885046847378
197 	 0.767575403576
198 	 0.48637210359
199 	 0.790371357427
200 	 0.562564385091
201 	 0.415527213022
202 	 0.50091728817
203 	 0.515721470049
204 	 0.885373787487
205 	 0.314741354768
206 	 0.79577488135
207 	 0.225280105965
208 	 0.137669879896
209 	 0.794198784934
210 	 0.476372230213
211 	 0.287235150452
212 	 0.545037942481
213 	 0.562896396089
214 	 0.27506643144
215 	 0.791385739386
216 	 0.385437750141
217 	 0.780099002717
218 	 0.063253161564
219 	 0.687745942046
220 	 0.534242303065
221 	 0.412529895796
222 	 0.495006899727
223 	 0.446549189547
224 	 0.646645482032
225 	 0.171530296384
226 	 0.454731053126
227 	 0.114068916123
228 	 0.707255042602
229 	 0.612014300396
230 	 0.78693507819
231 	 0.049612437875
232 	 0.215453356145
233 	 0.263138723448
234 	 0.097715985227
235 	 0.910587412646
236 	 0.465620435106
237 	 0.345310011644
238 	 0.508207412856
239 	 0.684163470234
240 	 0.084573625106
241 	 0.927884571383
242 	 0.846113692003
243 	 0.979123557701
244 	 0.134379458776
245 	 0.896416885482
246 	 0.436815146497
247 	 0.375317826431
248 	 0.217540884465
249 	 0.302829556224
250 	 0.513885870829
251 	 0.409844091613
252 	 0.773871922902
253 	 0.552684936614
254 	 0.548481392192
255 	 0.351383068015
256 	 0.670936254812
257 	 0.186531184682
258 	 0.863783944691
259 	 0.14183610687
260 	 0.793008693117
261 	 0.321019761892
262 	 0.234864352273
263 	 0.474320557519
264 	 0.22506349226
265 	 0.060101756932
266 	 0.351551581136
267 	 0.59512174618
268 	 0.23289952931
269 	 0.715044996299
270 	 0.904197061313
271 	 0.615781963248
272 	 0.270250074708
273 	 0.700880005808
274 	 0.904499769294
275 	 0.640463012792
276 	 0.228430489382
277 	 0.149694225512
278 	 0.393758342153
279 	 0.155151405724
280 	 0.20844886846
281 	 0.504287766451
282 	 0.957287808928
283 	 0.491334074216
284 	 0.869012077574
285 	 0.444228680489
286 	 0.031180613242
287 	 0.756466024313
288 	 0.200442170612
289 	 0.852007752779
290 	 0.319322578847
291 	 0.506181547823
292 	 0.306563419974
293 	 0.718526617203
294 	 0.868258517257
295 	 0.674303746954
296 	 0.827132421687
297 	 0.351143131784
298 	 0.131682777215
299 	 0.879760754359
300 	 0.191326129396
301 	 0.802386693362
302 	 0.47015516392
303 	 0.373006630602
304 	 0.346293428711
305 	 0.170793919099
306 	 0.910414288872
307 	 0.209122618856
308 	 0.5908583177
309 	 0.624834910304
310 	 0.909638291396
311 	 0.097109364402
312 	 0.724896804299
313 	 0.157753778138
314 	 0.774997176556
315 	 0.362095896303
316 	 0.405380198754
317 	 0.837466392605
318 	 0.380396491958
319 	 0.811894952952
320 	 0.33831134874
321 	 0.788015553304
322 	 0.941272303812
323 	 0.358559940277
324 	 0.810688225653
325 	 0.577503188032
326 	 0.128687884771
327 	 0.495559187886
328 	 0.343476398359
329 	 0.512135047257
330 	 0.791938685646
331 	 0.913905035282
332 	 0.633463358528
333 	 0.369217391821
334 	 0.73302323203
335 	 0.226905424046
336 	 0.546197624192
337 	 0.662517673445
338 	 0.882979551707
339 	 0.901893211986
340 	 0.322490652073
341 	 0.347045083341
342 	 0.220466420887
343 	 0.513018261016
344 	 0.755607555677
345 	 0.495417597062
346 	 0.992958129852
347 	 0.942145179282
348 	 0.543684831269
349 	 0.915674908928
350 	 0.674695109373
351 	 0.999354065468
352 	 0.021720288822
353 	 0.61241303284
354 	 0.225761589628
355 	 0.356931883321
356 	 0.998273573237
357 	 0.389930076521
358 	 0.677106141144
359 	 0.940188160554
360 	 0.346637558754
361 	 0.513512933486
362 	 0.643100988827
363 	 0.325846260287
364 	 0.441750240164
365 	 0.393204121113
366 	 0.813561842837
367 	 0.060101172512
368 	 0.261453371607
369 	 0.646202483161
370 	 0.404779611353
371 	 0.346709714348
372 	 0.42248450613
373 	 0.149334999638
374 	 0.728175524397
375 	 0.07531559109
376 	 0.850941782796
377 	 0.217732875437
378 	 0.064646119059
379 	 0.747188963796
380 	 0.347362486011
381 	 0.338664815255
382 	 0.278418948074
383 	 0.053063277324
384 	 0.398086348817
385 	 0.764913132889
386 	 0.915663043351
387 	 0.352886582422
388 	 0.303030080718
389 	 0.077203658635
390 	 0.697029842577
391 	 0.989434749024
392 	 0.699698335599
393 	 0.328307440465
394 	 0.2104733627
395 	 0.587156056014
396 	 0.495293190145
397 	 0.979686434128
398 	 0.695833609657
399 	 0.614789419696
400 	 0.409065737866
401 	 0.435746613685
402 	 0.979652244045
403 	 0.389932012134
404 	 0.540561588704
405 	 0.29032770228
406 	 0.68317542596
407 	 0.105483274096
408 	 0.713185567043
409 	 0.387612382423
410 	 0.619353101189
411 	 0.602310572652
412 	 0.923461724915
413 	 0.376050166001
414 	 0.637561340266
415 	 0.666960617407
416 	 0.544142565283
417 	 0.354256562429
418 	 0.521069365221
419 	 0.997056251884
420 	 0.517967794909
421 	 0.612614202944
422 	 0.768134711783
423 	 0.613879943307
424 	 0.936228459043
425 	 0.452399722408
426 	 0.2667149708
427 	 0.494878251787
428 	 0.94155850593
429 	 0.661023920102
430 	 0.318434338453
431 	 0.079416069515
432 	 0.69804734258
433 	 0.12014321863
434 	 0.19266431088
435 	 0.166525702032
436 	 0.47556073463
437 	 0.433202241785
438 	 0.806878048673
439 	 0.979008676323
440 	 0.397414834195
441 	 0.449685339151
442 	 0.667829469795
443 	 0.267400916101
444 	 0.014697763643
445 	 0.110142878412
446 	 0.537520214006
447 	 0.303164330498
448 	 0.16234526616
449 	 0.410595620867
450 	 0.437746960118
451 	 0.595075012221
452 	 0.093241509445
453 	 0.726922847432
454 	 0.498047020693
455 	 0.766213727978
456 	 0.961297615058
457 	 0.510035011583
458 	 0.272289265845
459 	 0.646168655378
460 	 0.380189568316
461 	 0.071418431848
462 	 0.692995180919
463 	 0.863735390273
464 	 0.958721972955
465 	 0.206842899742
466 	 0.139958022908
467 	 0.105391310695
468 	 0.464899782068
469 	 0.783802951056
470 	 0.564537096936
471 	 0.521263145852
472 	 0.101976132983
473 	 0.066176657152
474 	 0.456896669446
475 	 0.383794995204
476 	 0.456791956574
477 	 0.337196887129
478 	 0.21454692948
479 	 0.920710732404
480 	 0.733697451682
481 	 0.474566683047
482 	 0.299401422305
483 	 0.357100292937
484 	 0.528051621142
485 	 0.48349303119
486 	 0.564461387256
487 	 0.959292081649
488 	 0.745951245304
489 	 0.393931232444
490 	 0.639111609786
491 	 0.977977385934
492 	 0.175606465833
493 	 0.651257653894
494 	 0.178855393536
495 	 0.783340643747
496 	 0.26913610386
497 	 0.670891485552
498 	 0.241503169905
499 	 0.420833804898
# END OF FILE #