PROBLEM_NAME: RAP-NC-L_0005.txt
PROBLEM_TYPE: UB
NB_RESOURCES: 10
LINEAR_TERM: 1.92957
BOUNDS SECTION: INDEX 	 UB 	 LINEAR_TERM
0 	 0.53071377 	  0.67109888
1 	 1.0264973 	  0.68753435
2 	 1.4555801 	 -0.75119527
3 	 1.9476704 	 -0.93123679
4 	 2.4785902 	 -0.35233115
5 	 2.8068882 	 -0.6252679
6 	 3.5502191 	  0.68294365
7 	 3.9598155 	 -0.094095507
8 	 4.4433481 	  0.56482977
9 	 4.5797501 	 -0.68765964
FUNCTION PROFILE: 
0 	 0.914129655166
1 	 0.580223047558
2 	 0.786724984021
3 	 0.125806342585
4 	 0.359312171027
5 	 0.379776953727
6 	 0.777502020821
7 	 0.65266803372
8 	 0.741238136741
9 	 0.950067264497
# END OF FILE #