PROBLEM_NAME: RAP-NC-L_0208.txt
PROBLEM_TYPE: UB
NB_RESOURCES: 50
LINEAR_TERM: -13.1497
BOUNDS SECTION: INDEX 	 UB 	 LINEAR_TERM
0 	 0.64755981 	 -0.55463158
1 	 1.1557654 	  0.43845693
2 	 1.6656329 	 -0.83103276
3 	 2.1419616 	  0.84830774
4 	 2.524773 	 -0.63613634
5 	 2.9606287 	 -0.094974069
6 	 3.3687588 	  0.10853684
7 	 4.0875512 	  0.75559955
8 	 4.7264776 	 -0.9501651
9 	 5.1013697 	 -0.82561806
10 	 5.5739647 	  0.76206326
11 	 5.9268125 	  0.15697821
12 	 6.665188 	  0.29157408
13 	 7.3042165 	  0.76047189
14 	 7.9658211 	 -0.41875159
15 	 8.4612752 	 -0.65874266
16 	 8.7805395 	 -0.084906472
17 	 9.5079504 	 -0.77717615
18 	 9.7494905 	 -0.79918159
19 	 10.20289 	  0.40208213
20 	 10.835145 	 -0.95762982
21 	 11.47468 	 -0.61541532
22 	 12.062227 	  0.0097104752
23 	 12.743469 	  0.79021629
24 	 12.978322 	 -0.3282125
25 	 13.560598 	 -0.25744512
26 	 14.13179 	  0.34672903
27 	 14.466223 	  0.5129956
28 	 15.212942 	  0.62842088
29 	 15.753677 	  0.70594484
30 	 16.270381 	 -0.47279659
31 	 16.717182 	  0.79224029
32 	 17.37098 	  0.022919107
33 	 17.815639 	 -0.84933057
34 	 18.329356 	  0.30451699
35 	 18.94017 	 -0.014216417
36 	 19.17837 	  0.96096908
37 	 19.386769 	 -0.0804055
38 	 19.807183 	  0.0038786903
39 	 20.321942 	 -0.16533662
40 	 21.064694 	 -0.84474246
41 	 21.778002 	 -0.54432385
42 	 22.361772 	 -0.91204162
43 	 22.998044 	  0.31641927
44 	 23.662033 	 -0.62376375
45 	 24.146907 	 -0.50584836
46 	 24.776341 	 -0.25419558
47 	 25.44586 	  0.5003637
48 	 25.937792 	 -0.51333509
49 	 24.792651 	  0.77659686
FUNCTION PROFILE: 
0 	 0.094995545207
1 	 0.937790991581
2 	 0.973398960481
3 	 0.653393557686
4 	 0.436663815796
5 	 0.693614496396
6 	 0.754982181451
7 	 0.782063500437
8 	 0.938065552551
9 	 0.110819458398
10 	 0.62476997922
11 	 0.559664015363
12 	 0.600223225976
13 	 0.64061575888
14 	 0.653930315237
15 	 0.660093674273
16 	 0.995904099413
17 	 0.705032826006
18 	 0.324796510694
19 	 0.44905519803
20 	 0.715136956403
21 	 0.050843899243
22 	 0.747345563563
23 	 0.111270852052
24 	 0.132485055191
25 	 0.337063839073
26 	 0.401318009888
27 	 0.28829494606
28 	 0.77757950707
29 	 0.171044492144
30 	 0.080388644919
31 	 0.088154188633
32 	 0.174150594534
33 	 0.487312124964
34 	 0.276668108696
35 	 0.937607148627
36 	 0.96166946938
37 	 0.109754182016
38 	 0.817733042893
39 	 0.225607059231
40 	 0.058285192623
41 	 0.309623068695
42 	 0.666358981262
43 	 0.529302769868
44 	 0.551459788222
45 	 0.446533222134
46 	 0.658700880199
47 	 0.610487415968
48 	 0.975304842996
49 	 0.281830469625
# END OF FILE #