PROBLEM_NAME: RAP-NC-L_0205.txt
PROBLEM_TYPE: UB
NB_RESOURCES: 50
LINEAR_TERM: -2.54496
BOUNDS SECTION: INDEX 	 UB 	 LINEAR_TERM
0 	 0.52732521 	 -0.89784516
1 	 0.95753244 	 -0.21276578
2 	 1.2142652 	 -0.0044281049
3 	 1.4730259 	  0.56608014
4 	 1.9548323 	 -0.44452671
5 	 2.3964128 	  0.42361499
6 	 2.8845703 	 -0.74126931
7 	 3.3328556 	 -0.17863175
8 	 3.8700756 	  0.96050073
9 	 4.4524111 	  0.60002274
10 	 5.04585 	 -0.17659036
11 	 5.6119545 	  0.87323001
12 	 6.1575745 	  0.060881803
13 	 6.7011652 	  0.77034366
14 	 7.3676055 	  0.50255361
15 	 7.8608724 	  0.14223987
16 	 8.6257371 	 -0.17092806
17 	 9.1772554 	 -0.24654107
18 	 9.8676099 	 -0.53309936
19 	 10.557113 	  0.52941532
20 	 11.1527 	 -0.0580099
21 	 11.606546 	  0.36669964
22 	 12.121458 	  0.78026122
23 	 12.753864 	  0.55133213
24 	 13.25267 	 -0.29681051
25 	 13.725849 	  0.59490731
26 	 14.575689 	  0.94546859
27 	 15.307573 	 -0.046601654
28 	 15.852644 	 -0.061292476
29 	 16.343462 	  0.3313267
30 	 16.832073 	 -0.42186358
31 	 17.304999 	 -0.50953352
32 	 17.947976 	  0.97613681
33 	 18.541072 	  0.35154241
34 	 19.228139 	 -0.087377392
35 	 19.722329 	  0.98093905
36 	 20.450614 	  0.23713681
37 	 20.918106 	  0.63645059
38 	 21.075296 	 -0.44728688
39 	 21.664608 	  0.16108138
40 	 22.226772 	 -0.49307884
41 	 23.122753 	 -0.87699681
42 	 23.648372 	  0.21336273
43 	 24.459971 	  0.10028296
44 	 24.922547 	 -0.6289146
45 	 25.455057 	 -0.17090555
46 	 26.188001 	  0.23462955
47 	 26.755808 	  0.86539326
48 	 27.222396 	  0.70966554
49 	 25.415825 	  0.37604928
FUNCTION PROFILE: 
0 	 0.017801932237
1 	 0.421660252828
2 	 0.836350284182
3 	 0.859266034379
4 	 0.778202769267
5 	 0.143166004268
6 	 0.236807067446
7 	 0.886681971576
8 	 0.161753466198
9 	 0.963937444239
10 	 0.832821736089
11 	 0.028541693189
12 	 0.066449915867
13 	 0.098683321335
14 	 0.15362901264
15 	 0.532045599088
16 	 0.312386272351
17 	 0.241559309259
18 	 0.516446272695
19 	 0.750843806267
20 	 0.488877107764
21 	 0.138583361262
22 	 0.086100181456
23 	 0.593448260252
24 	 0.711959591791
25 	 0.626712834934
26 	 0.214990011282
27 	 0.078827370339
28 	 0.014626702851
29 	 0.263155285825
30 	 0.720555198305
31 	 0.725208521698
32 	 0.77918950483
33 	 0.139779047717
34 	 0.00538941679
35 	 0.884622047982
36 	 0.225321182094
37 	 0.551600997039
38 	 0.100646591426
39 	 0.825640358249
40 	 0.209361944843
41 	 0.988101447203
42 	 0.738381410799
43 	 0.449266938612
44 	 0.878513110303
45 	 0.370570161606
46 	 0.93223755952
47 	 0.282218073798
48 	 0.697533102507
49 	 0.197829987991
# END OF FILE #