PROBLEM_NAME: RAP-NC-L_0200.txt
PROBLEM_TYPE: UB
NB_RESOURCES: 50
LINEAR_TERM: -11.1863
BOUNDS SECTION: INDEX 	 UB 	 LINEAR_TERM
0 	 0.52010259 	 -0.50307948
1 	 1.2521818 	 -0.11710455
2 	 1.6884959 	  0.55365161
3 	 2.1871128 	  0.16385395
4 	 2.5156099 	  0.09554352
5 	 2.9837887 	  0.78156641
6 	 3.5193803 	 -0.5215202
7 	 3.9892389 	 -0.02083857
8 	 4.4261945 	 -0.10505132
9 	 4.9005403 	 -0.055408172
10 	 5.7077077 	 -0.026796192
11 	 6.193802 	 -0.47710754
12 	 6.846937 	 -0.021902561
13 	 7.4797298 	 -0.72475816
14 	 7.8102554 	  0.67240742
15 	 8.2140453 	 -0.40787529
16 	 8.9861326 	 -0.30191147
17 	 9.4395567 	  0.20675481
18 	 9.9899766 	  0.35591723
19 	 10.681534 	  0.82206218
20 	 11.330006 	 -0.38081496
21 	 11.761859 	 -0.83034279
22 	 12.159774 	 -0.26035797
23 	 12.711954 	 -0.92589762
24 	 13.210952 	  0.95084053
25 	 13.608435 	 -0.22755925
26 	 14.230163 	 -0.51094752
27 	 14.911505 	 -0.49611658
28 	 15.426316 	 -0.36273718
29 	 15.67542 	  0.65687354
30 	 15.94386 	 -0.37911241
31 	 16.279593 	 -0.89849799
32 	 16.923174 	  0.33520233
33 	 17.57235 	  0.36286938
34 	 17.843441 	 -0.49905206
35 	 18.320301 	 -0.57017363
36 	 18.560689 	  0.47033771
37 	 19.183113 	 -0.54036196
38 	 19.98785 	 -0.95048538
39 	 20.207516 	  0.083065313
40 	 20.822056 	  0.26103624
41 	 20.957983 	 -0.13888967
42 	 21.332678 	  0.11821107
43 	 21.778236 	 -0.18083907
44 	 22.268269 	  0.59477931
45 	 22.753659 	 -0.3508638
46 	 23.215135 	  0.96559555
47 	 23.717524 	 -0.35696924
48 	 24.076942 	  0.21712971
49 	 23.579117 	 -0.41175179
FUNCTION PROFILE: 
0 	 0.811853235683
1 	 0.115383908578
2 	 0.09780328995
3 	 0.892963731844
4 	 0.768127059207
5 	 0.827035505344
6 	 0.342804318863
7 	 0.990076807977
8 	 0.925746430996
9 	 0.010489601985
10 	 0.311026341268
11 	 0.257111030174
12 	 0.951898435318
13 	 0.115777268072
14 	 0.60868982975
15 	 0.842925937002
16 	 0.256586999163
17 	 0.850904400071
18 	 0.196024546311
19 	 0.269057956383
20 	 0.575825106951
21 	 0.32113512849
22 	 0.524430524953
23 	 0.369495131898
24 	 0.461940545806
25 	 0.979829475395
26 	 0.625858083791
27 	 0.439317623962
28 	 0.655856387712
29 	 0.808756924762
30 	 0.580607511935
31 	 0.826306286211
32 	 0.681102898052
33 	 0.988378190401
34 	 0.892755722402
35 	 0.820830428029
36 	 0.793431824221
37 	 0.503611150567
38 	 0.038195418676
39 	 0.257020495603
40 	 0.914187022231
41 	 0.825080782197
42 	 0.468222347302
43 	 0.160540931576
44 	 0.431555083443
45 	 0.10092045111
46 	 0.626203875348
47 	 0.13317490781
48 	 0.219912453528
49 	 0.820413194076
# END OF FILE #