PROBLEM_NAME: RAP-NC-L_0203.txt
PROBLEM_TYPE: UB
NB_RESOURCES: 50
LINEAR_TERM: 9.47239
BOUNDS SECTION: INDEX 	 UB 	 LINEAR_TERM
0 	 0.61569571 	  0.41815437
1 	 1.1714481 	  0.66851203
2 	 1.5468787 	  0.14558937
3 	 1.9147506 	 -0.74501242
4 	 2.3507558 	 -0.94568899
5 	 2.8692695 	 -0.54340055
6 	 3.2345745 	  0.59391974
7 	 3.7648667 	  0.1529978
8 	 4.3769113 	  0.62869941
9 	 4.7205032 	  0.15883619
10 	 5.2726734 	  0.25105273
11 	 5.7231948 	  0.59637932
12 	 6.0829426 	  0.86683805
13 	 6.5546524 	  0.76710445
14 	 7.2175468 	 -0.63936173
15 	 7.9675116 	  0.44342523
16 	 8.6242965 	  0.14981014
17 	 9.2599095 	  0.9458805
18 	 9.4619884 	  0.37800616
19 	 10.112571 	  0.22923682
20 	 10.526138 	  0.85247667
21 	 11.219523 	  0.6875091
22 	 11.752425 	 -0.38442686
23 	 12.2231 	  0.84998522
24 	 12.735484 	 -0.90967616
25 	 13.224347 	  0.8504209
26 	 13.690006 	  0.76761404
27 	 14.076099 	 -0.0085080423
28 	 14.679446 	 -0.49342276
29 	 15.195375 	  0.68393086
30 	 15.676733 	  0.72757331
31 	 15.823703 	 -0.99416054
32 	 16.476722 	 -0.99592327
33 	 16.998181 	  0.77121522
34 	 17.404414 	  0.47373519
35 	 17.887678 	  0.43268093
36 	 18.463167 	  0.096209027
37 	 19.021324 	  0.13324884
38 	 19.556838 	 -0.46644353
39 	 20.194882 	 -0.7754703
40 	 20.473964 	 -0.35836414
41 	 20.941027 	 -0.15736666
42 	 21.293347 	  0.30845848
43 	 21.66369 	 -0.29011856
44 	 22.170182 	 -0.9596156
45 	 22.51651 	  0.97831342
46 	 22.938694 	 -0.41136925
47 	 23.477528 	  0.84903346
48 	 24.182237 	  0.8797981
49 	 23.448673 	  0.37079348
FUNCTION PROFILE: 
0 	 0.879277337665
1 	 0.49077721327
2 	 0.445835280526
3 	 0.919836444896
4 	 0.849123165342
5 	 0.487893786417
6 	 0.572121875958
7 	 0.402073567826
8 	 0.099973134649
9 	 0.431070845788
10 	 0.339546093759
11 	 0.225497507296
12 	 0.067071618528
13 	 0.7188539945
14 	 0.835888769207
15 	 0.945916910227
16 	 0.059075607963
17 	 0.078076047554
18 	 0.237353039014
19 	 0.552038765394
20 	 0.580390545515
21 	 0.853713819568
22 	 0.952577465809
23 	 0.857836991945
24 	 0.154429795961
25 	 0.824125785443
26 	 0.643073267437
27 	 0.9330626386
28 	 0.141856407545
29 	 0.483307773937
30 	 0.021205248905
31 	 0.040582930051
32 	 0.520260297173
33 	 0.419302042211
34 	 0.041237934016
35 	 0.29764897137
36 	 0.481435633159
37 	 0.58382536108
38 	 0.021948121339
39 	 0.553564355896
40 	 0.112789364718
41 	 0.252806212792
42 	 0.967920296157
43 	 0.309122178723
44 	 0.06962269615
45 	 0.713613014786
46 	 0.336278563517
47 	 0.40027057563
48 	 0.638256725856
49 	 0.93005358378
# END OF FILE #