PROBLEM_NAME: RAP-NC-L_0605.txt
PROBLEM_TYPE: UB
NB_RESOURCES: 1000
LINEAR_TERM: 0.682828
BOUNDS SECTION: INDEX 	 UB 	 LINEAR_TERM
0 	 0.46120213 	 -0.00079204325
1 	 1.2652215 	 -0.4790909
2 	 1.7397248 	  0.014003817
3 	 2.181546 	 -0.20333416
4 	 2.936673 	 -0.92714921
5 	 3.6099213 	  0.43795284
6 	 3.9987894 	  0.77457143
7 	 4.4322429 	  0.67855132
8 	 4.9056982 	  0.69130049
9 	 5.3850721 	 -0.94566743
10 	 6.0885691 	  0.200264
11 	 6.7092103 	 -0.15998932
12 	 7.2027535 	  0.43589168
13 	 7.9573471 	 -0.92812264
14 	 8.4661304 	  0.73321157
15 	 8.9524329 	 -0.45596505
16 	 9.3320078 	  0.71712671
17 	 9.7181884 	 -0.15903513
18 	 10.433015 	 -0.65949558
19 	 10.937018 	 -0.87650143
20 	 11.583366 	 -0.27614042
21 	 12.226382 	 -0.88011569
22 	 12.600312 	 -0.0078209134
23 	 13.099492 	  0.018534748
24 	 13.663507 	  0.07128581
25 	 14.162712 	 -0.59417909
26 	 14.659855 	  0.082410935
27 	 15.168238 	 -0.56280934
28 	 15.684089 	 -0.37411059
29 	 16.151208 	 -0.15614238
30 	 16.488055 	  0.061080795
31 	 16.971209 	  0.96130916
32 	 17.308508 	  0.4734703
33 	 18.049728 	 -0.77614559
34 	 18.639716 	 -0.19590452
35 	 19.267627 	  0.91604757
36 	 19.487453 	 -0.79147053
37 	 19.935959 	 -0.44873875
38 	 20.594917 	  0.32337026
39 	 20.997026 	  0.7887838
40 	 21.551952 	 -0.92233716
41 	 22.19277 	 -0.20259225
42 	 22.735873 	  0.19359692
43 	 23.520772 	  0.93093622
44 	 24.346874 	  0.53213112
45 	 24.825152 	  0.93023355
46 	 25.14269 	  0.50751766
47 	 25.670032 	 -0.94391913
48 	 26.379715 	  0.94118793
49 	 26.553876 	  0.50577302
50 	 27.035364 	  0.49144547
51 	 27.593376 	 -0.46341895
52 	 27.978543 	  0.60404381
53 	 28.480899 	  0.85007855
54 	 28.963446 	  0.88397187
55 	 29.29935 	 -0.38459053
56 	 29.699979 	 -0.7427051
57 	 29.905744 	  0.63290287
58 	 30.748153 	  0.23367899
59 	 31.407168 	 -0.21434363
60 	 31.827108 	 -0.18705768
61 	 32.355803 	 -0.75007941
62 	 32.884198 	 -0.80978188
63 	 33.381597 	  0.62571093
64 	 34.09031 	  0.50696573
65 	 34.41691 	  0.58807869
66 	 35.145006 	  0.83382555
67 	 35.629679 	  0.76656015
68 	 36.017438 	 -0.62770844
69 	 36.891965 	  0.65939796
70 	 37.410198 	 -0.98147065
71 	 37.636255 	 -0.57418928
72 	 38.160724 	 -0.37412342
73 	 38.549983 	 -0.17618562
74 	 39.043675 	 -0.21791
75 	 39.535904 	  0.35748053
76 	 39.875667 	  0.744827
77 	 40.297221 	  0.54009533
78 	 40.754847 	  0.34482462
79 	 41.287612 	  0.81282603
80 	 41.599128 	  0.48172181
81 	 41.920956 	 -0.87907403
82 	 42.681958 	  0.17215685
83 	 43.021399 	 -0.8010929
84 	 43.523847 	 -0.86809602
85 	 44.291442 	 -0.38461502
86 	 44.574682 	  0.074800758
87 	 45.03294 	 -0.38187486
88 	 45.520067 	  0.85504071
89 	 46.059451 	  0.69890272
90 	 46.300381 	  0.26845304
91 	 46.830938 	 -0.63246002
92 	 47.18653 	 -0.57065144
93 	 47.954771 	  0.21482062
94 	 48.443052 	  0.43574289
95 	 49.096384 	  0.77926825
96 	 49.54186 	 -0.074059178
97 	 49.878601 	 -0.1900613
98 	 50.464742 	  0.50121861
99 	 51.014541 	 -0.42850777
100 	 51.499317 	 -0.19837897
101 	 52.041455 	  0.48718938
102 	 52.694649 	 -0.46170304
103 	 53.544233 	  0.42618905
104 	 54.042282 	 -0.9922669
105 	 54.397343 	 -0.25025077
106 	 54.980055 	  0.92022767
107 	 55.589293 	 -0.44549632
108 	 56.352411 	  0.9637636
109 	 56.835763 	 -0.65935717
110 	 57.32562 	  0.62769106
111 	 58.06346 	 -0.43087629
112 	 58.663046 	 -0.7802352
113 	 59.284861 	  0.52273127
114 	 59.730645 	 -0.21577219
115 	 60.380458 	 -0.62629078
116 	 60.970781 	 -0.31368214
117 	 61.354626 	  0.22778318
118 	 61.971336 	  0.28290465
119 	 62.48473 	  0.71711939
120 	 63.078911 	  0.74826171
121 	 63.602462 	  0.83937258
122 	 64.060843 	  0.87298097
123 	 64.812932 	 -0.56338867
124 	 65.42411 	  0.58316186
125 	 66.140943 	  0.84295531
126 	 66.543832 	 -0.5095129
127 	 67.082948 	 -0.25673766
128 	 67.77291 	 -0.66284369
129 	 68.06282 	 -0.30845468
130 	 68.308833 	  0.16957598
131 	 68.79521 	  0.21479754
132 	 69.275809 	  0.46771198
133 	 70.01137 	  0.1560529
134 	 70.512809 	 -0.02274241
135 	 71.014619 	  0.39554245
136 	 71.487595 	 -0.4455558
137 	 71.768394 	 -0.84918105
138 	 72.344147 	 -0.21368656
139 	 72.576053 	 -0.92705814
140 	 73.029559 	  0.12576206
141 	 73.465733 	  0.46010452
142 	 74.291639 	  0.25094843
143 	 74.738095 	  0.40900393
144 	 75.355859 	 -0.13799617
145 	 75.754775 	 -0.85564118
146 	 76.474443 	  0.66915314
147 	 76.848001 	 -0.21646949
148 	 77.152323 	 -0.95554796
149 	 77.550376 	  0.71285424
150 	 77.967283 	  0.35287007
151 	 78.299772 	 -0.0081820943
152 	 78.830261 	  0.84070865
153 	 79.319403 	  0.56306666
154 	 79.926158 	  0.3016639
155 	 80.514258 	 -0.79598016
156 	 80.959569 	 -0.33935789
157 	 81.468916 	 -0.18003379
158 	 81.963359 	  0.86888786
159 	 82.598906 	 -0.06720227
160 	 83.142406 	 -0.86266739
161 	 83.675279 	  0.22305864
162 	 84.254783 	 -0.55172274
163 	 84.983118 	 -0.030706008
164 	 85.621017 	 -0.79016033
165 	 86.253291 	 -0.57234786
166 	 86.914123 	  0.080407514
167 	 87.558845 	 -0.18986371
168 	 87.814375 	  0.89811015
169 	 88.201926 	  0.021984209
170 	 88.712845 	 -0.59141873
171 	 89.374885 	 -0.93402026
172 	 89.856837 	 -0.56038822
173 	 90.350682 	 -0.020145752
174 	 90.949859 	  0.24661963
175 	 91.615696 	 -0.25348397
176 	 92.116874 	  0.25113178
177 	 92.411076 	  0.70787137
178 	 92.790999 	 -0.44216608
179 	 93.322133 	 -0.56570516
180 	 93.810484 	 -0.78686333
181 	 94.464899 	 -0.83141703
182 	 95.128846 	 -0.53508276
183 	 95.269755 	 -0.47834517
184 	 95.966461 	  0.59361962
185 	 96.425469 	 -0.91715052
186 	 96.880066 	 -0.85017161
187 	 97.253381 	  0.46885574
188 	 98.094701 	  0.30205744
189 	 98.718372 	 -0.87716464
190 	 99.178484 	  0.27978862
191 	 99.677116 	 -0.81152738
192 	 100.39187 	  0.24323599
193 	 100.75338 	  0.92946393
194 	 101.30773 	  0.97612095
195 	 101.92707 	 -0.95339414
196 	 102.60021 	 -0.36398103
197 	 103.06664 	 -0.18067211
198 	 103.31817 	  0.67580466
199 	 103.91259 	 -0.98869472
200 	 104.45371 	 -0.38209336
201 	 105.05852 	  0.47133849
202 	 105.6283 	 -0.40150646
203 	 106.00905 	  0.89959613
204 	 106.72434 	  0.73468421
205 	 107.2436 	 -0.57852709
206 	 107.69354 	 -0.53244161
207 	 108.40488 	 -0.84608926
208 	 108.97454 	 -0.23827846
209 	 109.64219 	  0.82219095
210 	 110.09839 	  0.24643604
211 	 110.52051 	 -0.62560875
212 	 110.87191 	 -0.54781697
213 	 111.5783 	 -0.39763545
214 	 112.11442 	  0.12687727
215 	 112.57909 	  0.20962556
216 	 112.76713 	 -0.51257126
217 	 113.20902 	  0.96640291
218 	 113.68468 	  0.34884077
219 	 113.99444 	 -0.24765998
220 	 114.40684 	 -0.04180767
221 	 114.99332 	  0.89458779
222 	 115.22874 	  0.49443272
223 	 115.80046 	 -0.52241096
224 	 116.23797 	  0.92053319
225 	 116.55551 	 -0.68765583
226 	 117.03695 	  0.76225908
227 	 117.72316 	  0.55786796
228 	 118.14351 	  0.47552776
229 	 118.69878 	  0.48134649
230 	 119.4014 	  0.12617119
231 	 119.87968 	 -0.29000043
232 	 120.11991 	 -0.56171342
233 	 120.57984 	  0.35933707
234 	 120.78549 	 -0.13071684
235 	 121.00539 	 -0.3646526
236 	 121.56966 	  0.53660979
237 	 122.23942 	 -0.72410301
238 	 122.62828 	  0.92344831
239 	 123.18129 	  0.69842612
240 	 123.54774 	 -0.92704632
241 	 124.10309 	  0.90990775
242 	 124.48384 	  0.40128507
243 	 124.81145 	 -0.43911439
244 	 125.38303 	  0.72713313
245 	 126.00578 	  0.025130258
246 	 126.54696 	 -0.80670503
247 	 127.0123 	 -0.65437842
248 	 127.43478 	  0.044740637
249 	 128.06679 	  0.1928434
250 	 128.67849 	 -0.76769504
251 	 129.14548 	  0.09600549
252 	 129.70412 	 -0.55033857
253 	 130.27416 	  0.19455631
254 	 130.77329 	 -0.51398185
255 	 130.99905 	  0.64954547
256 	 131.52733 	 -0.80382188
257 	 131.96623 	  0.16450588
258 	 132.21608 	 -0.54024241
259 	 132.87766 	  0.80637282
260 	 133.14864 	  0.024804874
261 	 133.52044 	  0.17133733
262 	 134.07898 	 -0.30756842
263 	 134.69828 	 -0.71009065
264 	 135.18525 	  0.36259217
265 	 135.81195 	  0.18841545
266 	 136.29166 	 -0.49059552
267 	 137.0461 	  0.92123033
268 	 137.59756 	  0.97750406
269 	 138.2206 	  0.60105932
270 	 138.79992 	 -0.22771813
271 	 139.21721 	 -0.86864754
272 	 139.76317 	 -0.94792051
273 	 140.2959 	 -0.5625736
274 	 140.74855 	 -0.9057009
275 	 141.13585 	  0.30645282
276 	 141.51935 	 -0.85820567
277 	 141.95938 	 -0.847804
278 	 142.5321 	 -0.60393992
279 	 143.03728 	  0.38950759
280 	 143.45884 	 -0.60031579
281 	 144.23858 	 -0.0049686418
282 	 144.89648 	 -0.64071082
283 	 145.36608 	  0.45104719
284 	 145.97499 	 -0.74543242
285 	 146.44438 	 -0.85330547
286 	 146.96882 	 -0.87075051
287 	 147.46694 	 -0.00046516086
288 	 148.02831 	  0.8524999
289 	 148.50703 	  0.82610085
290 	 149.31759 	  0.71999077
291 	 149.48574 	 -0.44748489
292 	 150.08415 	 -0.65017666
293 	 150.51367 	  0.57015411
294 	 151.18469 	 -0.11866299
295 	 151.82223 	  0.0073114051
296 	 152.33241 	 -0.96645145
297 	 152.95112 	  0.1804195
298 	 153.64154 	 -0.95642204
299 	 154.02737 	 -0.93593956
300 	 154.62378 	 -0.28887246
301 	 155.19204 	 -0.039619202
302 	 155.67821 	  0.07403149
303 	 156.37821 	  0.3204282
304 	 156.92871 	  0.64529711
305 	 157.17196 	  0.076549715
306 	 157.70208 	  0.99990487
307 	 158.20582 	  0.85004661
308 	 158.64082 	  0.22664673
309 	 158.93797 	 -0.45239067
310 	 159.41637 	 -0.52951096
311 	 159.88767 	  0.23873047
312 	 160.33625 	 -0.68588355
313 	 160.86686 	  0.26825283
314 	 161.11668 	 -0.65655568
315 	 161.76853 	  0.08535816
316 	 162.45796 	  0.84428215
317 	 162.98292 	  0.37525798
318 	 163.48837 	 -0.57136981
319 	 163.82043 	  0.96789
320 	 164.18875 	 -0.54639294
321 	 165.02011 	 -0.56956207
322 	 165.46651 	 -0.073928247
323 	 166.00699 	  0.21383259
324 	 166.69973 	 -0.067746665
325 	 166.85415 	 -0.28292126
326 	 167.36869 	 -0.97293594
327 	 167.68698 	 -0.73398752
328 	 168.29659 	  0.22099902
329 	 168.86905 	 -0.53654603
330 	 169.15582 	  0.62807789
331 	 169.70479 	  0.51218425
332 	 170.43996 	 -0.30840647
333 	 170.8124 	  0.72118729
334 	 171.42369 	  0.46962438
335 	 172.28932 	 -0.99475352
336 	 172.72837 	  0.054704186
337 	 173.33058 	 -0.43840317
338 	 174.06265 	 -0.53275175
339 	 174.56481 	 -0.63048708
340 	 174.87012 	 -0.48639016
341 	 175.36898 	  0.15900908
342 	 175.93055 	 -0.15161514
343 	 176.41082 	  0.83762507
344 	 176.88904 	 -0.7124291
345 	 177.39271 	  0.2838112
346 	 177.92754 	  0.15623078
347 	 178.34071 	 -0.15481523
348 	 178.84286 	 -0.52685663
349 	 179.22881 	  0.76199141
350 	 179.69032 	 -0.38492099
351 	 180.21699 	  0.001974133
352 	 180.73052 	  0.61481581
353 	 181.13494 	 -0.72288819
354 	 181.69308 	 -0.20602196
355 	 182.01977 	  0.50394559
356 	 182.56239 	  0.94088323
357 	 182.97847 	  0.75373213
358 	 183.72302 	  0.69243822
359 	 184.27852 	 -0.020558438
360 	 184.88127 	 -0.45850663
361 	 185.3256 	 -0.94584091
362 	 185.85763 	 -0.74847449
363 	 186.3022 	  0.27198011
364 	 186.9488 	  0.64906866
365 	 187.27374 	  0.66578248
366 	 187.85875 	 -0.71563048
367 	 188.46819 	 -0.25691286
368 	 188.97839 	 -0.69718672
369 	 189.24261 	 -0.1510784
370 	 189.9076 	  0.91204489
371 	 190.4073 	 -0.73865669
372 	 191.20679 	 -0.50309318
373 	 191.68072 	 -0.4373263
374 	 192.25795 	 -0.45780225
375 	 192.74227 	  0.84958556
376 	 193.2727 	 -0.75539365
377 	 194.11766 	 -0.46282304
378 	 194.6486 	  0.62668895
379 	 195.14704 	 -0.032325241
380 	 195.54179 	  0.39900971
381 	 196.19131 	  0.18572523
382 	 196.37375 	  0.097467193
383 	 196.70542 	 -0.82723823
384 	 197.24422 	  0.047989362
385 	 197.95697 	 -0.63108726
386 	 198.38961 	  0.20967107
387 	 199.16149 	 -0.49521626
388 	 199.86677 	  0.76009629
389 	 200.33738 	  0.33420028
390 	 200.77485 	 -0.57530956
391 	 201.08502 	 -0.56500048
392 	 201.75215 	 -0.74312183
393 	 202.04884 	  0.67410172
394 	 202.45959 	 -0.2697614
395 	 203.02715 	  0.29464989
396 	 203.46598 	 -0.6138992
397 	 204.01569 	 -0.3000392
398 	 204.25321 	 -0.94664431
399 	 204.87895 	  0.73021611
400 	 205.30173 	  0.80431474
401 	 205.7559 	  0.52432145
402 	 206.27721 	 -0.15338192
403 	 206.73019 	  0.52769888
404 	 206.99231 	  0.94421307
405 	 207.59094 	  0.83169379
406 	 208.19436 	 -0.64251092
407 	 208.53212 	 -0.68595078
408 	 208.93173 	  0.6140473
409 	 209.50099 	  0.016622356
410 	 210.24768 	  0.07221288
411 	 210.92213 	  0.56490597
412 	 211.57109 	  0.18659765
413 	 211.87144 	  0.96651691
414 	 212.34008 	 -0.19756051
415 	 212.92951 	  0.33954531
416 	 213.4216 	  0.24139176
417 	 214.00672 	  0.98624013
418 	 214.23907 	  0.59887023
419 	 215.06519 	 -0.49255002
420 	 215.52529 	  0.90352706
421 	 215.91715 	  0.33726473
422 	 216.53564 	 -0.22441374
423 	 216.90586 	 -0.91884674
424 	 217.33777 	  0.77610691
425 	 218.19863 	 -0.3554943
426 	 218.9711 	 -0.023339674
427 	 219.47403 	  0.92638727
428 	 219.95543 	 -0.51806238
429 	 220.41303 	  0.3107117
430 	 220.87963 	  0.82566308
431 	 221.67113 	 -0.64063953
432 	 222.31548 	 -0.82541457
433 	 222.7091 	  0.83563752
434 	 223.21726 	  0.72855222
435 	 223.6705 	  0.40620597
436 	 224.01631 	  0.96615333
437 	 224.49176 	 -0.16641249
438 	 225.04807 	  0.87456407
439 	 225.4753 	  0.64670043
440 	 226.30493 	 -0.0046531844
441 	 226.78917 	 -0.55749078
442 	 227.10494 	 -0.36249728
443 	 227.927 	  0.15132709
444 	 228.6062 	  0.041018275
445 	 229.32448 	  0.35883467
446 	 229.75384 	 -0.42956601
447 	 230.46865 	  0.30006911
448 	 230.65247 	 -0.1810276
449 	 231.25458 	 -0.78931062
450 	 231.91137 	  0.443807
451 	 232.22586 	  0.59299686
452 	 232.85675 	 -0.088345685
453 	 233.3751 	  0.31348499
454 	 234.11779 	  0.93157883
455 	 234.89983 	 -0.45508793
456 	 235.314 	  0.42877442
457 	 235.5963 	  0.28616102
458 	 235.93775 	  0.8314891
459 	 236.4982 	 -0.10759329
460 	 237.28546 	  0.010180959
461 	 237.6199 	 -0.28201454
462 	 238.0352 	 -0.7730272
463 	 238.52878 	 -0.97153623
464 	 239.15213 	 -0.61541791
465 	 239.48533 	 -0.60317034
466 	 239.74325 	  0.4057065
467 	 240.48656 	  0.46366444
468 	 240.97576 	 -0.63665422
469 	 241.53426 	  0.14647225
470 	 242.01477 	  0.094721389
471 	 242.4769 	 -0.1674124
472 	 243.20972 	  0.9341235
473 	 243.4915 	  0.052655383
474 	 243.9784 	  0.38937983
475 	 244.62212 	  0.33057711
476 	 245.08991 	 -0.68548523
477 	 245.56176 	 -0.26187163
478 	 246.19886 	 -0.26427976
479 	 246.41338 	 -0.57824632
480 	 246.93513 	 -0.46733825
481 	 247.66097 	  0.99705064
482 	 247.96489 	  0.57652187
483 	 248.57444 	 -0.83228928
484 	 248.77576 	 -0.48853523
485 	 249.38366 	 -0.25343223
486 	 250.03696 	  0.78813189
487 	 250.53086 	  0.021648581
488 	 251.17994 	 -0.68766631
489 	 251.67367 	 -0.30791275
490 	 252.10104 	 -0.086379512
491 	 252.28839 	  0.69298571
492 	 252.62416 	 -0.25652509
493 	 253.43514 	  0.99619126
494 	 253.9134 	  0.69983668
495 	 254.30553 	  0.4737663
496 	 254.98238 	 -0.70194405
497 	 255.19514 	  0.96026441
498 	 255.85931 	 -0.037820554
499 	 256.14737 	 -0.59018129
500 	 256.60231 	 -0.13249205
501 	 256.897 	 -0.47296668
502 	 257.39349 	 -0.055446403
503 	 258.10213 	 -0.18359714
504 	 258.63256 	 -0.69706556
505 	 258.93552 	 -0.18333045
506 	 259.24662 	 -0.097461883
507 	 259.80313 	  0.4129249
508 	 260.45457 	  0.12473881
509 	 261.08131 	 -0.64905315
510 	 261.76868 	  0.91829718
511 	 262.21201 	  0.23409248
512 	 262.75307 	 -0.87185792
513 	 263.13178 	  0.87521096
514 	 263.52936 	  0.45699406
515 	 264.15886 	  0.60487323
516 	 264.74166 	  0.5075585
517 	 265.46403 	 -0.61639715
518 	 265.72855 	 -0.48511521
519 	 266.14838 	 -0.74701287
520 	 266.78261 	  0.14394216
521 	 267.03601 	 -0.042312771
522 	 267.76271 	 -0.63702409
523 	 268.19893 	 -0.9506357
524 	 268.9272 	 -0.030684201
525 	 269.338 	 -0.69922198
526 	 269.6965 	 -0.88325207
527 	 270.08878 	  0.089065664
528 	 270.73431 	  0.43434913
529 	 271.22631 	 -0.68766968
530 	 271.68829 	 -0.44468806
531 	 272.3193 	  0.97556983
532 	 272.66213 	 -0.89587714
533 	 273.35713 	 -0.46525394
534 	 273.90456 	 -0.54971521
535 	 274.30349 	 -0.83842974
536 	 274.63415 	  0.16117598
537 	 275.24849 	 -0.38695326
538 	 276.03864 	  0.13298551
539 	 276.81212 	 -0.77968692
540 	 277.13108 	  0.895718
541 	 277.76459 	  0.76933374
542 	 278.30403 	  0.1289593
543 	 278.95716 	  0.45657206
544 	 279.44029 	  0.79429832
545 	 280.02576 	 -0.05786079
546 	 280.77463 	 -0.15345027
547 	 281.1994 	  0.71796071
548 	 281.44636 	  0.4491026
549 	 281.94181 	  0.95567945
550 	 282.4442 	 -0.6521122
551 	 283.00402 	  0.030891924
552 	 283.56333 	  0.37426514
553 	 284.07212 	 -0.31245565
554 	 284.74125 	  0.95814632
555 	 284.99268 	 -0.21474175
556 	 285.50071 	 -0.52167182
557 	 285.92482 	 -0.43625181
558 	 286.53251 	 -0.44382634
559 	 287.14936 	  0.20648615
560 	 287.72454 	 -0.70070285
561 	 288.41368 	 -0.49953232
562 	 288.67135 	 -0.038266985
563 	 289.26964 	  0.47221476
564 	 289.52708 	 -0.24655309
565 	 290.25954 	 -0.48539249
566 	 290.8427 	  0.29030613
567 	 291.44556 	  0.15848905
568 	 292.04432 	 -0.51404295
569 	 292.5836 	 -0.48609135
570 	 293.18703 	  0.56248746
571 	 293.42808 	  0.10209999
572 	 293.87315 	  0.47183149
573 	 294.30204 	 -0.76341183
574 	 294.73962 	  0.74644654
575 	 295.22397 	 -0.75351041
576 	 295.79995 	 -0.29788234
577 	 296.49743 	 -0.99563617
578 	 296.6645 	  0.051020037
579 	 296.99418 	 -0.63402813
580 	 297.34656 	 -0.43521271
581 	 297.70551 	  0.47347833
582 	 298.07505 	 -0.73271773
583 	 298.31932 	 -0.84534375
584 	 298.70374 	  0.33837063
585 	 299.35116 	  0.73980353
586 	 299.84664 	 -0.23270662
587 	 300.32349 	  0.29241679
588 	 300.88839 	 -0.91380573
589 	 301.33334 	  0.83896704
590 	 301.94292 	 -0.53295063
591 	 302.61334 	  0.86590903
592 	 303.30634 	  0.92242051
593 	 303.77166 	  0.90840467
594 	 304.34071 	 -0.82487875
595 	 304.92124 	  0.58745377
596 	 305.50738 	  0.24689528
597 	 305.9524 	 -0.7194318
598 	 306.67417 	 -0.40186594
599 	 307.1942 	  0.13984877
600 	 307.73667 	 -0.55463625
601 	 308.18653 	 -0.84532745
602 	 308.78507 	  0.03695486
603 	 308.9813 	 -0.52309905
604 	 309.25983 	  0.68255517
605 	 310.0015 	  0.72084796
606 	 310.72399 	 -0.59714321
607 	 311.05146 	 -0.0069074952
608 	 311.59866 	 -0.25189527
609 	 312.11037 	 -0.13880693
610 	 312.52701 	  0.78026734
611 	 312.89843 	 -0.41934088
612 	 313.58068 	 -0.26752838
613 	 313.91775 	  0.36934714
614 	 314.40699 	  0.54699679
615 	 315.12765 	 -0.22194479
616 	 315.52218 	  0.96220708
617 	 315.86802 	 -0.14220983
618 	 316.51079 	  0.91945459
619 	 317.06388 	 -0.95178742
620 	 317.52179 	  0.067859353
621 	 317.69582 	 -0.080837957
622 	 318.38664 	 -0.90637272
623 	 319.17699 	  0.8126648
624 	 319.6135 	 -0.34274221
625 	 319.92253 	 -0.79772254
626 	 320.55777 	 -0.74742062
627 	 320.90299 	  0.55844309
628 	 321.45598 	  0.9091834
629 	 322.10508 	 -0.51646694
630 	 322.59862 	 -0.91532493
631 	 323.02054 	  0.72052088
632 	 323.59876 	 -0.75109601
633 	 324.10236 	  0.75859331
634 	 324.8875 	  0.58132587
635 	 325.36369 	  0.72081104
636 	 325.84331 	 -0.85212397
637 	 326.2991 	 -0.71539271
638 	 326.83323 	  0.13458243
639 	 327.36314 	 -0.64287104
640 	 328.04637 	 -0.78682439
641 	 328.53555 	 -0.2234423
642 	 328.71628 	  0.35139701
643 	 329.14584 	 -0.43449047
644 	 329.37318 	  0.34234999
645 	 330.15927 	 -0.38226277
646 	 330.76894 	 -0.37450975
647 	 331.14183 	  0.37532621
648 	 331.74764 	  0.14791423
649 	 332.33292 	 -0.10212061
650 	 332.86723 	  0.28153223
651 	 333.45316 	  0.72018353
652 	 334.08905 	 -0.9909408
653 	 334.76392 	 -0.10077738
654 	 335.26484 	  0.30775038
655 	 335.88585 	  0.82342425
656 	 336.35197 	 -0.93367421
657 	 336.75327 	  0.048001014
658 	 337.28967 	 -0.87248923
659 	 337.63982 	  0.9038219
660 	 338.16331 	 -0.8850743
661 	 338.37645 	  0.76016804
662 	 338.67736 	 -0.92136124
663 	 339.08077 	  0.53087829
664 	 339.57856 	  0.54879778
665 	 339.79957 	  0.32313609
666 	 340.12753 	  0.57655173
667 	 340.81444 	 -0.027087475
668 	 341.26321 	 -0.30206968
669 	 341.88324 	 -0.31879695
670 	 342.73414 	  0.015214787
671 	 343.18151 	 -0.65404417
672 	 343.68715 	  0.31369048
673 	 344.0693 	  0.69121408
674 	 344.79362 	 -0.94793208
675 	 345.02731 	 -0.31513078
676 	 345.48702 	 -0.11334653
677 	 345.71134 	 -0.4656833
678 	 346.239 	 -0.76419055
679 	 346.78741 	 -0.76198268
680 	 347.47142 	 -0.81269663
681 	 347.72089 	 -0.64600928
682 	 348.08691 	 -0.59334634
683 	 348.56355 	  0.3934556
684 	 349.35713 	  0.22634805
685 	 349.8675 	  0.65294426
686 	 350.44301 	  0.69653574
687 	 350.89426 	 -0.75407554
688 	 351.33608 	  0.41887842
689 	 351.62473 	  0.87704346
690 	 352.25695 	 -0.92850221
691 	 352.54739 	 -0.67091568
692 	 353.31116 	 -0.092496606
693 	 353.44173 	 -0.54595662
694 	 353.82848 	 -0.7385306
695 	 354.30407 	  0.19773877
696 	 355.04938 	 -0.16038232
697 	 355.57748 	 -0.92248933
698 	 355.97747 	 -0.76245577
699 	 356.38214 	  0.11960856
700 	 356.64951 	 -0.071336157
701 	 357.1186 	 -0.027357791
702 	 357.49912 	  0.069440453
703 	 358.122 	 -0.18395774
704 	 358.49317 	  0.56609231
705 	 358.62901 	  0.022338657
706 	 358.91728 	  0.32946076
707 	 359.38571 	  0.62190922
708 	 359.75884 	 -0.60732709
709 	 360.31785 	 -0.047796472
710 	 360.78914 	 -0.026858999
711 	 361.24699 	  0.78343065
712 	 361.78868 	 -0.78785743
713 	 362.49677 	  0.13642733
714 	 362.95601 	 -0.35160897
715 	 363.24155 	 -0.87520075
716 	 363.52047 	  0.014754648
717 	 364.00605 	  0.80666318
718 	 364.30444 	 -0.20035887
719 	 364.73686 	 -0.52086907
720 	 365.34156 	  0.33067017
721 	 365.84817 	 -0.23031886
722 	 366.44077 	  0.796713
723 	 366.66869 	 -0.57344728
724 	 367.5558 	 -0.65668192
725 	 368.1192 	  0.43312047
726 	 368.80708 	  0.061921799
727 	 369.26106 	 -0.15395326
728 	 369.85076 	  0.44968568
729 	 370.33586 	  0.73323137
730 	 370.92867 	 -0.39965448
731 	 371.41994 	  0.0064318424
732 	 371.82118 	 -0.064354719
733 	 372.32575 	 -0.433638
734 	 372.68271 	 -0.76269523
735 	 373.21332 	 -0.080047083
736 	 373.76322 	  0.74426582
737 	 374.40199 	 -0.47410552
738 	 374.76582 	 -0.53868315
739 	 375.31108 	  0.53447751
740 	 375.86546 	 -0.88194352
741 	 376.15946 	 -0.2366292
742 	 376.71496 	 -0.38634697
743 	 377.49327 	 -0.56854938
744 	 377.82778 	 -0.71579566
745 	 378.16614 	  0.079563526
746 	 378.75227 	  0.35362156
747 	 379.05729 	 -0.47340787
748 	 379.70036 	 -0.4406723
749 	 380.27966 	  0.75547397
750 	 380.86343 	  0.59696798
751 	 381.42873 	 -0.62576651
752 	 382.13611 	  0.55759201
753 	 382.98449 	  0.18941855
754 	 383.39767 	  0.38652202
755 	 384.23683 	  0.24658957
756 	 384.86142 	  0.10651978
757 	 385.53817 	 -0.10329175
758 	 386.06684 	 -0.0067114601
759 	 386.72644 	  0.36317557
760 	 387.19598 	 -0.36270772
761 	 387.84041 	 -0.71049309
762 	 388.33368 	  0.36906131
763 	 388.83689 	 -0.88788184
764 	 389.47717 	 -0.7033549
765 	 389.76561 	 -0.19665202
766 	 390.26094 	  0.57365002
767 	 390.84246 	  0.74227614
768 	 391.29827 	 -0.22504441
769 	 391.73113 	  0.24706434
770 	 392.36426 	  0.1591188
771 	 392.8452 	  0.50792509
772 	 393.16282 	  0.94891371
773 	 393.65455 	 -0.84224591
774 	 394.21167 	 -0.13903993
775 	 394.74922 	 -0.095861884
776 	 395.21916 	 -0.62282897
777 	 395.84356 	  0.46472491
778 	 396.62103 	  0.079514573
779 	 396.76989 	 -0.35659939
780 	 397.14461 	 -0.026601385
781 	 397.57614 	  0.10153889
782 	 398.2144 	 -0.61854598
783 	 398.82906 	  0.99960094
784 	 399.21243 	 -0.3481328
785 	 399.63942 	 -0.21164954
786 	 400.46852 	 -0.39693735
787 	 400.82978 	  0.25601034
788 	 401.32859 	  0.029066449
789 	 401.85094 	 -0.4821725
790 	 402.28122 	  0.27213785
791 	 402.58914 	  0.32201579
792 	 403.05407 	 -0.75564683
793 	 403.68098 	  0.11331245
794 	 404.01393 	  0.94415349
795 	 404.73524 	 -0.11929854
796 	 405.31276 	 -0.70025018
797 	 405.6842 	 -0.03467891
798 	 406.15267 	  0.73389231
799 	 406.67669 	  0.12728855
800 	 407.30978 	 -0.59697801
801 	 407.6142 	 -0.2926581
802 	 408.13747 	 -0.018797893
803 	 408.55192 	 -0.23237864
804 	 409.00361 	 -0.23006658
805 	 409.46424 	 -0.77813957
806 	 409.93885 	  0.80602212
807 	 410.32155 	  0.1906278
808 	 410.97321 	  0.60525571
809 	 411.55899 	  0.19180402
810 	 411.95066 	  0.72691271
811 	 412.5034 	 -0.16410291
812 	 413.171 	 -0.84271983
813 	 414.01342 	  0.92410464
814 	 414.40181 	 -0.69113421
815 	 414.90158 	 -0.46593809
816 	 415.40793 	  0.32687886
817 	 415.96967 	 -0.46655361
818 	 416.61477 	  0.28232586
819 	 417.11577 	  0.07528496
820 	 417.37673 	 -0.78379745
821 	 417.77077 	  0.96734637
822 	 418.42937 	 -0.26965904
823 	 419.07195 	  0.40922976
824 	 419.64763 	  0.4962592
825 	 420.38201 	  0.78773106
826 	 420.94825 	  0.99907454
827 	 421.57751 	 -0.3398743
828 	 422.00655 	 -0.91099815
829 	 422.64868 	  0.43567787
830 	 423.02494 	 -0.87129141
831 	 423.55638 	  0.16609775
832 	 424.41136 	  0.078067367
833 	 425.17774 	  0.82647683
834 	 425.79385 	  0.014541915
835 	 426.57438 	  0.85246324
836 	 426.90595 	 -0.33682181
837 	 427.11874 	 -0.42374234
838 	 427.60382 	 -0.070021056
839 	 428.1288 	 -0.14009241
840 	 428.37294 	 -0.24192986
841 	 428.81017 	 -0.88542177
842 	 429.32056 	 -0.074031375
843 	 429.81035 	 -0.25297642
844 	 430.25875 	  0.47738228
845 	 430.82411 	  0.75103168
846 	 431.30856 	 -0.69158237
847 	 431.95541 	  0.26477991
848 	 432.43545 	  0.057251708
849 	 432.95168 	 -0.76640746
850 	 433.34189 	 -0.58730853
851 	 433.77456 	 -0.38525844
852 	 434.26507 	  0.61870507
853 	 434.77731 	 -0.077580735
854 	 435.3242 	 -0.489548
855 	 435.86423 	  0.89736104
856 	 436.02501 	  0.62823301
857 	 436.66718 	 -0.40425511
858 	 437.25112 	  0.44684801
859 	 437.84792 	 -0.61324503
860 	 438.00987 	 -0.97530988
861 	 438.6146 	  0.29131556
862 	 439.03792 	  0.33311463
863 	 439.59337 	 -0.56718684
864 	 440.20021 	  0.7984562
865 	 440.73474 	 -0.63519164
866 	 441.27034 	 -0.42690585
867 	 442.00003 	 -0.049408897
868 	 442.44736 	 -0.91924297
869 	 442.63327 	  0.13718127
870 	 443.36402 	 -0.073796863
871 	 443.80294 	 -0.61503124
872 	 444.32975 	  0.74383539
873 	 444.90018 	 -0.21806176
874 	 445.68967 	  0.76467446
875 	 445.99241 	  0.10690268
876 	 446.51952 	 -0.79326644
877 	 447.07359 	  0.19937504
878 	 447.49226 	  0.50464548
879 	 447.95892 	  0.91541006
880 	 448.45894 	 -0.026066071
881 	 448.97968 	  0.49638613
882 	 449.75848 	 -0.49498549
883 	 450.23779 	 -0.88593549
884 	 450.757 	  0.6536323
885 	 451.116 	  0.89309782
886 	 451.65106 	  0.039302432
887 	 452.13003 	 -0.65583132
888 	 452.64276 	  0.54148302
889 	 453.50971 	  0.97058861
890 	 453.96213 	 -0.97644657
891 	 454.71775 	  0.78427115
892 	 455.27629 	  0.68360775
893 	 455.5232 	  0.98728035
894 	 455.81378 	 -0.55326355
895 	 456.18931 	  0.23807815
896 	 456.95686 	 -0.96186036
897 	 457.55044 	 -0.98738738
898 	 458.37191 	  0.47509884
899 	 458.755 	  0.6154283
900 	 459.02772 	 -0.39890095
901 	 459.55092 	  0.19162879
902 	 459.82068 	 -0.50447564
903 	 460.14808 	 -0.71667022
904 	 460.7463 	 -0.1057305
905 	 461.10927 	  0.48916303
906 	 461.62836 	 -0.82556305
907 	 462.12026 	 -0.79342131
908 	 462.57732 	 -0.29359789
909 	 463.03876 	  0.1281316
910 	 463.39432 	  0.73418342
911 	 463.93999 	 -0.87135385
912 	 464.31992 	 -0.65934862
913 	 464.71543 	 -0.8732971
914 	 465.26403 	  0.94120734
915 	 465.99498 	 -0.2409612
916 	 466.31325 	 -0.80114995
917 	 466.99728 	  0.12074443
918 	 467.57883 	 -0.17004255
919 	 468.09711 	 -0.58265501
920 	 468.97053 	 -0.33060793
921 	 469.36137 	  0.8253199
922 	 469.81755 	 -0.70843805
923 	 470.44085 	 -0.62719419
924 	 470.90755 	 -0.60805065
925 	 471.53421 	  0.17432755
926 	 472.19775 	  0.057041503
927 	 472.75539 	  0.048562819
928 	 473.52026 	 -0.031704885
929 	 473.99825 	 -0.76860817
930 	 474.31635 	 -0.06236709
931 	 474.91374 	  0.22326819
932 	 475.41172 	  0.10269898
933 	 475.85806 	  0.94823378
934 	 476.38057 	 -0.16356277
935 	 476.89287 	 -0.81739915
936 	 477.50703 	 -0.84232829
937 	 478.02379 	  0.074927517
938 	 478.52851 	  0.35829843
939 	 479.16768 	 -0.90966239
940 	 479.80768 	  0.47922415
941 	 480.28362 	  0.37802276
942 	 480.87501 	  0.32356648
943 	 481.0794 	 -0.62593446
944 	 481.45434 	  0.11054388
945 	 481.85053 	 -0.87918487
946 	 482.47161 	 -0.62269416
947 	 482.96648 	 -0.56027956
948 	 483.48923 	  0.29240535
949 	 484.12908 	 -0.88469724
950 	 484.55276 	  0.30378984
951 	 485.0963 	  0.20860359
952 	 485.60386 	 -0.48405869
953 	 486.10316 	 -0.53812882
954 	 486.75375 	 -0.46530751
955 	 487.20666 	  0.31753013
956 	 487.65006 	  0.35616106
957 	 488.24048 	  0.066668465
958 	 488.73581 	 -0.18147247
959 	 489.20695 	 -0.44980544
960 	 489.60844 	 -0.040388636
961 	 490.05563 	 -0.83655036
962 	 490.54401 	 -0.73848524
963 	 491.04005 	  0.12773656
964 	 491.43066 	 -0.42072202
965 	 492.04072 	 -0.067914005
966 	 492.70192 	  0.6232466
967 	 493.15444 	  0.6747983
968 	 493.92602 	 -0.11191543
969 	 494.30346 	 -0.12320252
970 	 495.07209 	  0.49301771
971 	 495.78741 	 -0.24244891
972 	 496.55201 	  0.058679504
973 	 496.93486 	  0.40111049
974 	 497.16618 	 -0.26471254
975 	 497.72524 	  0.84678523
976 	 498.29443 	  0.13896461
977 	 498.6649 	 -0.19099246
978 	 499.13569 	 -0.90698366
979 	 499.41108 	  0.40060009
980 	 499.96495 	  0.98639209
981 	 500.56741 	  0.83216001
982 	 501.13761 	 -0.58050439
983 	 501.4244 	 -0.43728859
984 	 501.9505 	  0.40054605
985 	 502.36186 	  0.18505472
986 	 502.95325 	 -0.27986425
987 	 503.75305 	 -0.17960453
988 	 504.17755 	  0.52678467
989 	 504.77242 	  0.53194861
990 	 505.37268 	  0.3394787
991 	 506.2693 	  0.045173101
992 	 506.82891 	 -0.1138834
993 	 507.59764 	 -0.40253835
994 	 508.08864 	 -0.74855175
995 	 508.90518 	 -0.3533094
996 	 509.63561 	 -0.40183021
997 	 510.07731 	  0.60285904
998 	 510.54906 	  0.97465217
999 	 508.03 	  0.94013557
FUNCTION PROFILE: 
0 	 0.09493060012
1 	 0.691308186434
2 	 0.65336035483
3 	 0.508845944466
4 	 0.339418340093
5 	 0.164264347659
6 	 0.898351373259
7 	 0.677471383811
8 	 0.661793832314
9 	 0.639142265993
10 	 0.590376271278
11 	 0.575672589186
12 	 0.930120445271
13 	 0.322989129056
14 	 0.470344487464
15 	 0.215293046218
16 	 0.339954187397
17 	 0.550387040793
18 	 0.859015605025
19 	 0.262310711607
20 	 0.801428498812
21 	 0.663338667933
22 	 0.148490446487
23 	 0.034856995494
24 	 0.979499282949
25 	 0.147881642394
26 	 0.679169090744
27 	 0.946557615014
28 	 0.417053048607
29 	 0.547208885891
30 	 0.355334779783
31 	 0.216911211339
32 	 0.507456374109
33 	 0.037884728797
34 	 0.347458727186
35 	 0.292495920479
36 	 0.50956042697
37 	 0.831274900031
38 	 0.579627186488
39 	 0.825800769882
40 	 0.879383270715
41 	 0.561810601951
42 	 0.190508256319
43 	 0.611332241695
44 	 0.411226674407
45 	 0.589553617171
46 	 0.558628827224
47 	 0.209775287457
48 	 0.412765829855
49 	 0.775839287936
50 	 0.609183094501
51 	 0.266474812013
52 	 0.141986502884
53 	 0.950143980487
54 	 0.498505401082
55 	 0.734884783102
56 	 0.389241742112
57 	 0.704345112163
58 	 0.144046682488
59 	 0.764896509306
60 	 0.512709260947
61 	 0.668758046459
62 	 0.254545679718
63 	 0.963868041221
64 	 0.005120260218
65 	 0.187829230012
66 	 0.279322162966
67 	 0.991745091598
68 	 0.544692694135
69 	 0.018054608278
70 	 0.231821485692
71 	 0.611616145484
72 	 0.431987480497
73 	 0.206437322744
74 	 0.173468120952
75 	 0.650203513053
76 	 0.33077491028
77 	 0.649602079257
78 	 0.140643508321
79 	 0.588693766225
80 	 0.283233159347
81 	 0.375566063936
82 	 0.010623968227
83 	 0.661185991231
84 	 0.972412303352
85 	 0.188883536279
86 	 0.581400306337
87 	 0.084834898763
88 	 0.753015429027
89 	 0.233533657879
90 	 0.477477092557
91 	 0.762865746429
92 	 0.082497427777
93 	 0.882415180653
94 	 0.489531021633
95 	 0.801280912344
96 	 0.812248147404
97 	 0.874725850062
98 	 0.498575650332
99 	 0.763896616401
100 	 0.050326458383
101 	 0.09950034803
102 	 0.073740271457
103 	 0.920664585568
104 	 0.672238991326
105 	 0.99314382326
106 	 0.311041277239
107 	 0.029504346347
108 	 0.345337246022
109 	 0.562587142022
110 	 0.318791758798
111 	 0.500366736305
112 	 0.868445528158
113 	 0.567106720805
114 	 0.538396585599
115 	 0.148895420893
116 	 0.235369377516
117 	 0.819194095692
118 	 0.570089541801
119 	 0.016237083762
120 	 0.432025759432
121 	 0.366036166528
122 	 0.311270753605
123 	 0.712456018534
124 	 0.934880838218
125 	 0.606765164302
126 	 0.227008347126
127 	 0.071167345648
128 	 0.216379900639
129 	 0.289137860424
130 	 0.256388906449
131 	 0.037723157987
132 	 0.093563694084
133 	 0.448332011064
134 	 0.548160600324
135 	 0.24472544197
136 	 0.363611493141
137 	 0.274038414784
138 	 0.914519450871
139 	 0.651388061225
140 	 0.80478702548
141 	 0.234746376711
142 	 0.00903088744
143 	 0.981488966527
144 	 0.053411341612
145 	 0.000480590133
146 	 0.705332099332
147 	 0.001471308744
148 	 0.051871984125
149 	 0.311275366801
150 	 0.04212563024
151 	 0.344002269131
152 	 0.373781516096
153 	 0.977433003919
154 	 0.357286377688
155 	 0.497817650506
156 	 0.497144545655
157 	 0.622546689203
158 	 0.896456459819
159 	 0.112520919193
160 	 0.105307572995
161 	 0.042602125003
162 	 0.338481781883
163 	 0.581121881699
164 	 0.086836543653
165 	 0.47822400373
166 	 0.586087041345
167 	 0.591105867206
168 	 0.169154718773
169 	 0.155978271961
170 	 0.701427203251
171 	 0.941061788848
172 	 0.241095735559
173 	 0.196386403137
174 	 0.759320319262
175 	 0.190316812398
176 	 0.62854399361
177 	 0.586376971611
178 	 0.725329680582
179 	 0.073290993997
180 	 0.822471457683
181 	 0.032232717676
182 	 0.912823487372
183 	 0.543799730767
184 	 0.192078586566
185 	 0.590770419309
186 	 0.693573053423
187 	 0.015093527497
188 	 0.667046657163
189 	 0.79161228286
190 	 0.583770826721
191 	 0.749037313664
192 	 0.267500376621
193 	 0.292576644755
194 	 0.337253689797
195 	 0.846816807404
196 	 0.381300643545
197 	 0.698530246807
198 	 0.921639755694
199 	 0.419289736648
200 	 0.886011385823
201 	 0.194765517874
202 	 0.136735779649
203 	 0.999023232524
204 	 0.513483946222
205 	 0.411522949515
206 	 0.367229519575
207 	 0.717577328417
208 	 0.266018820898
209 	 0.601636451047
210 	 0.593181665736
211 	 0.673848541877
212 	 0.100990407663
213 	 0.044468382311
214 	 0.494589898046
215 	 0.934498784191
216 	 0.758123236289
217 	 0.941045155467
218 	 0.291032463759
219 	 0.303345800829
220 	 0.438326571676
221 	 0.927095955852
222 	 0.762076204008
223 	 0.129540025253
224 	 0.945721359979
225 	 0.239874384264
226 	 0.506574123029
227 	 0.519430130644
228 	 0.318472546471
229 	 0.041620233019
230 	 0.088328056839
231 	 0.008068546812
232 	 0.168952130723
233 	 0.408958470022
234 	 0.263767388055
235 	 0.273042689398
236 	 0.259622949995
237 	 0.841851688233
238 	 0.393746552227
239 	 0.091418661723
240 	 0.26562916603
241 	 0.131665334091
242 	 0.510459064862
243 	 0.984299420504
244 	 0.945637419752
245 	 0.433588629566
246 	 0.583728790053
247 	 0.101179211712
248 	 0.881673524948
249 	 0.629586726964
250 	 0.301444903189
251 	 0.346590354772
252 	 0.196349438583
253 	 0.038273311399
254 	 0.800790275713
255 	 0.074839714594
256 	 0.489197701554
257 	 0.839048541256
258 	 0.581008431211
259 	 0.309741432114
260 	 0.739679545754
261 	 0.546954652615
262 	 0.441938567009
263 	 0.663134597336
264 	 0.860248463533
265 	 0.63887921262
266 	 0.170249221663
267 	 0.045394694528
268 	 0.733597171892
269 	 0.025119016559
270 	 0.287095881523
271 	 0.08005665791
272 	 0.595971454268
273 	 0.508806970796
274 	 0.249039796526
275 	 0.878361783657
276 	 0.807811665222
277 	 0.885448073185
278 	 0.918132777973
279 	 0.036230344433
280 	 0.820075205723
281 	 0.192410981335
282 	 0.791687162154
283 	 0.253540678159
284 	 0.445656011334
285 	 0.553000378034
286 	 0.546541207681
287 	 0.458239091271
288 	 0.288605779253
289 	 0.904795641619
290 	 0.463960849254
291 	 0.394940015992
292 	 0.317990095325
293 	 0.944361698474
294 	 0.092816774049
295 	 0.275345253337
296 	 0.119137798723
297 	 0.377274069811
298 	 0.016975479794
299 	 0.721685091717
300 	 0.829884326081
301 	 0.978911110017
302 	 0.526686613215
303 	 0.898996030619
304 	 0.329686031665
305 	 0.83832248134
306 	 0.237832943486
307 	 0.575721923058
308 	 0.100730650803
309 	 0.553324180933
310 	 0.219645090653
311 	 0.109187152903
312 	 0.190738203515
313 	 0.855586595507
314 	 0.773173753748
315 	 0.639492809663
316 	 0.592483196722
317 	 0.29754346012
318 	 0.776446697269
319 	 0.370067819455
320 	 0.546649920421
321 	 0.920398636265
322 	 0.990614196306
323 	 0.901250637449
324 	 0.728235916246
325 	 0.688181652832
326 	 0.664013426992
327 	 0.423921878182
328 	 0.085336516974
329 	 0.73340193098
330 	 0.784046875119
331 	 0.926557142331
332 	 0.521944718557
333 	 0.635776049922
334 	 0.218319431114
335 	 0.906512236717
336 	 0.055713541397
337 	 0.36079625617
338 	 0.823228123753
339 	 0.009710338241
340 	 0.728793493548
341 	 0.406516654682
342 	 0.833958448335
343 	 0.894253871578
344 	 0.025786053424
345 	 0.460216403515
346 	 0.618821432629
347 	 0.728539102256
348 	 0.885062684771
349 	 0.894233059938
350 	 0.912359448129
351 	 0.534027606142
352 	 0.629053620332
353 	 0.714121837046
354 	 0.129323809501
355 	 0.596303511304
356 	 0.467015368049
357 	 0.070929962753
358 	 0.074631310806
359 	 0.397706744481
360 	 0.085998920679
361 	 0.931295682543
362 	 0.623129790515
363 	 0.467443497403
364 	 0.572521797231
365 	 0.496010568984
366 	 0.248972282094
367 	 0.947062094256
368 	 0.193749196268
369 	 0.380300426105
370 	 0.281787237555
371 	 0.03317002279
372 	 0.890680125048
373 	 0.554347526218
374 	 0.366128978568
375 	 0.935775030331
376 	 0.006445383543
377 	 0.655844192528
378 	 0.928509144365
379 	 0.988016883754
380 	 0.791551657605
381 	 0.922493473107
382 	 0.666711147845
383 	 0.61348749543
384 	 0.022724362779
385 	 0.242281471847
386 	 0.415714330116
387 	 0.29197046466
388 	 0.852562914415
389 	 0.227525034762
390 	 0.187771007047
391 	 0.368453948333
392 	 0.945239238487
393 	 0.668935365447
394 	 0.771743712466
395 	 0.127077163826
396 	 0.492151311593
397 	 0.081307257191
398 	 0.218270504344
399 	 0.749392182602
400 	 0.436894368775
401 	 0.286498630543
402 	 0.404775855566
403 	 0.599047059724
404 	 0.976047426911
405 	 0.091610276464
406 	 0.05140877214
407 	 0.929127241287
408 	 0.145199667681
409 	 0.008860090399
410 	 0.416297000408
411 	 0.232800191585
412 	 0.823955562525
413 	 0.730357234742
414 	 0.164039426573
415 	 0.65449350797
416 	 0.970350839805
417 	 0.916235709497
418 	 0.346216959181
419 	 0.891560506743
420 	 0.789027541724
421 	 0.549571604585
422 	 0.8092717674
423 	 0.288518263358
424 	 0.84306617611
425 	 0.495880400706
426 	 0.184726552951
427 	 0.976014202599
428 	 0.66929236857
429 	 0.713046997562
430 	 0.861552126852
431 	 0.382807865886
432 	 0.810025265199
433 	 0.048837136758
434 	 0.885590214891
435 	 0.262031085555
436 	 0.347797164379
437 	 0.10760198812
438 	 0.433123756328
439 	 0.892651893557
440 	 0.383768633813
441 	 0.280067928635
442 	 0.67364415252
443 	 0.278058533715
444 	 0.575657549812
445 	 0.963626408384
446 	 0.889031547039
447 	 0.362068387872
448 	 0.206976272909
449 	 0.368573281808
450 	 0.887451803218
451 	 0.663160852643
452 	 0.67722081364
453 	 0.081076482833
454 	 0.14099231045
455 	 0.615374456464
456 	 0.743398840104
457 	 0.921185861471
458 	 0.988844763166
459 	 0.207162656155
460 	 0.098639755474
461 	 0.030210943722
462 	 0.649661910911
463 	 0.145117681709
464 	 0.607578644188
465 	 0.610516510236
466 	 0.040815471916
467 	 0.893792162572
468 	 0.968418404456
469 	 0.086978762468
470 	 0.558432749614
471 	 0.645570701773
472 	 0.397768202112
473 	 0.419375187905
474 	 0.464485687273
475 	 0.168332714918
476 	 0.89725456345
477 	 0.334280081079
478 	 0.19678732687
479 	 0.459988636948
480 	 0.560044609399
481 	 0.076925370534
482 	 0.993107230474
483 	 0.166903524009
484 	 0.489401738131
485 	 0.373638117395
486 	 0.09695806392
487 	 0.548839416062
488 	 0.62180002112
489 	 0.020901885595
490 	 0.645843823839
491 	 0.894589823413
492 	 0.940370989818
493 	 0.557816999027
494 	 0.702006705317
495 	 0.112258399014
496 	 0.619653966453
497 	 0.751508305779
498 	 0.957180051187
499 	 0.287210706022
500 	 0.423243961919
501 	 0.536893097833
502 	 0.126176320301
503 	 0.115101602501
504 	 0.20375191326
505 	 0.174507302715
506 	 0.048984572424
507 	 0.237348457651
508 	 0.636749484111
509 	 0.61497289646
510 	 0.457910486988
511 	 0.747642566339
512 	 0.535238650388
513 	 0.086930528091
514 	 0.969210338717
515 	 0.117695725424
516 	 0.301431772549
517 	 0.520969469882
518 	 0.733537694364
519 	 0.181562327435
520 	 0.441420141022
521 	 0.181913377614
522 	 0.708167425815
523 	 0.236980291731
524 	 0.182951045137
525 	 0.111126870224
526 	 0.254528237125
527 	 0.9546022446
528 	 0.872661098536
529 	 0.910534249868
530 	 0.230835995086
531 	 0.205402850528
532 	 0.040204644798
533 	 0.795199532012
534 	 0.806039256225
535 	 0.485913863322
536 	 0.381557231617
537 	 0.738076283033
538 	 0.60502806154
539 	 0.088197728966
540 	 0.564278192442
541 	 0.092620881019
542 	 0.370146513408
543 	 0.107246427221
544 	 0.553282959262
545 	 0.618741022036
546 	 0.54775802789
547 	 0.302865230553
548 	 0.689594047611
549 	 0.748334717845
550 	 0.375454515441
551 	 0.973240950958
552 	 0.559816169271
553 	 0.586040738776
554 	 0.080126077929
555 	 0.698422292874
556 	 0.835071386017
557 	 0.621082514798
558 	 0.765674711609
559 	 0.754658165612
560 	 0.995908818339
561 	 0.546892109697
562 	 0.523922900475
563 	 0.01163999257
564 	 0.024572737277
565 	 0.153835346358
566 	 0.591965493048
567 	 0.041677082276
568 	 0.391352422316
569 	 0.483240783644
570 	 0.531164222907
571 	 0.151747371384
572 	 0.566383638669
573 	 0.781964256744
574 	 0.032844461678
575 	 0.145289225158
576 	 0.826633565423
577 	 0.825738072658
578 	 0.85798727105
579 	 0.96829487894
580 	 0.869830547
581 	 0.421013877114
582 	 0.026798732267
583 	 0.77446292798
584 	 0.561076128425
585 	 0.53224180567
586 	 0.814880607838
587 	 0.221708214724
588 	 0.355207466742
589 	 0.415517495358
590 	 0.386688564143
591 	 0.323112939489
592 	 0.968427524028
593 	 0.554566533693
594 	 0.29482121044
595 	 0.999689956763
596 	 0.497188775829
597 	 0.155744970358
598 	 0.74612246599
599 	 0.209406900944
600 	 0.296180440922
601 	 0.077328030824
602 	 0.588249924619
603 	 0.114954785895
604 	 0.765712673865
605 	 0.371059758199
606 	 0.012021288126
607 	 0.86430489322
608 	 0.495614027266
609 	 0.683752911554
610 	 0.518892260797
611 	 0.416394798012
612 	 0.648793864728
613 	 0.637260907867
614 	 0.232537452832
615 	 0.526517831277
616 	 0.201548173395
617 	 0.32043004305
618 	 0.277918815229
619 	 0.743895765719
620 	 0.057038671785
621 	 0.739048612099
622 	 0.828573889488
623 	 0.381301319828
624 	 0.176195434629
625 	 0.11233128954
626 	 0.725522819342
627 	 0.539423273958
628 	 0.081832519274
629 	 0.977397690161
630 	 0.274896426454
631 	 0.264776692788
632 	 0.282354604753
633 	 0.592096179128
634 	 0.031284855103
635 	 0.783435585105
636 	 0.959190656242
637 	 0.125762379174
638 	 0.661580246404
639 	 0.206101957414
640 	 0.059628222353
641 	 0.956346259384
642 	 0.481959831248
643 	 0.33338447433
644 	 0.315857304834
645 	 0.034270372392
646 	 0.855502034594
647 	 0.058795138642
648 	 0.94129867983
649 	 0.275668935658
650 	 0.548122798188
651 	 0.305734773695
652 	 0.862164769175
653 	 0.963084021401
654 	 0.117446908642
655 	 0.207923406982
656 	 0.276601989916
657 	 0.375289082219
658 	 0.679085923235
659 	 0.651741464785
660 	 0.341232575765
661 	 0.60692917979
662 	 0.813244470815
663 	 0.529367571172
664 	 0.231179407146
665 	 0.590780429774
666 	 0.310816366496
667 	 0.946215630943
668 	 0.314041191081
669 	 0.284299099837
670 	 0.263971413418
671 	 0.389493280457
672 	 0.515042648209
673 	 0.685624575664
674 	 0.035116358637
675 	 0.366490136837
676 	 0.95619848126
677 	 0.513880017051
678 	 0.93351658439
679 	 0.789486731254
680 	 0.260943065691
681 	 0.22583349792
682 	 0.053780129925
683 	 0.48253582435
684 	 0.084775017803
685 	 0.372264136286
686 	 0.292634551144
687 	 0.444357159514
688 	 0.950012936328
689 	 0.466598881216
690 	 0.578140663366
691 	 0.230631655149
692 	 0.625420555261
693 	 0.726707119597
694 	 0.062289203753
695 	 0.403640054
696 	 0.632382484717
697 	 0.499129236309
698 	 0.297074385489
699 	 0.455065365533
700 	 0.284403877974
701 	 0.319064726572
702 	 0.993656275246
703 	 0.809684931601
704 	 0.74365646124
705 	 0.06424854004
706 	 0.913977542933
707 	 0.856594871476
708 	 0.101441579785
709 	 0.807772193918
710 	 0.442385214131
711 	 0.449054279926
712 	 0.858951704755
713 	 0.194037406561
714 	 0.523888711558
715 	 0.088900873936
716 	 0.204161840797
717 	 0.994488290012
718 	 0.273850540402
719 	 0.242896509852
720 	 0.416340400252
721 	 0.631915118819
722 	 0.557162093214
723 	 0.495076036607
724 	 0.039179599421
725 	 0.173744299771
726 	 0.07562563571
727 	 0.439300263394
728 	 0.745276519265
729 	 0.09394199981
730 	 0.395185013149
731 	 0.423367831181
732 	 0.934707856804
733 	 0.013522361606
734 	 0.909565081071
735 	 0.14463731524
736 	 0.947076429703
737 	 0.703335536776
738 	 0.15226725762
739 	 0.320883678827
740 	 0.110722391543
741 	 0.661800355585
742 	 0.330314698546
743 	 0.381292693912
744 	 0.012026323722
745 	 0.713540326982
746 	 0.497042503027
747 	 0.228536937848
748 	 0.125633189248
749 	 0.509897056171
750 	 0.713142963858
751 	 0.490067398472
752 	 0.872547323267
753 	 0.510326842011
754 	 0.465396562695
755 	 0.966429480472
756 	 0.819207170702
757 	 0.766192676194
758 	 0.488423429408
759 	 0.775798249709
760 	 0.689809734215
761 	 0.035802474212
762 	 0.28924658082
763 	 0.707855763402
764 	 0.97744030575
765 	 0.185473109927
766 	 0.307036683399
767 	 0.997610850522
768 	 0.216964793646
769 	 0.930622698481
770 	 0.258242253525
771 	 0.224493063379
772 	 0.362469502843
773 	 0.13728223296
774 	 0.236166226813
775 	 0.3447801607
776 	 0.61513212216
777 	 0.147125716793
778 	 0.047697147486
779 	 0.586737385165
780 	 0.513040841012
781 	 0.944052005468
782 	 0.46869257647
783 	 0.843239954843
784 	 0.631374643595
785 	 0.344549953942
786 	 0.080097424482
787 	 0.75581800891
788 	 0.50396168738
789 	 0.716546924793
790 	 0.721810314419
791 	 0.16832354131
792 	 0.951390381433
793 	 0.225433664395
794 	 0.388738850667
795 	 0.614621885217
796 	 0.466376431564
797 	 0.102194069922
798 	 0.499460173694
799 	 0.383482166022
800 	 0.146171139373
801 	 0.902726683922
802 	 0.906895271068
803 	 0.800939560289
804 	 0.954751405775
805 	 0.799400523828
806 	 0.994294517514
807 	 0.841686384504
808 	 0.605796756647
809 	 0.519770959115
810 	 0.581313515821
811 	 0.124886074895
812 	 0.212759074671
813 	 0.767628395527
814 	 0.315355282297
815 	 0.335246077713
816 	 0.311952387787
817 	 0.182008730019
818 	 0.169094089451
819 	 0.879444052552
820 	 0.529437041928
821 	 0.130461143552
822 	 0.392248323902
823 	 0.26223145138
824 	 0.823513010651
825 	 0.035395970769
826 	 0.157404319189
827 	 0.325688703578
828 	 0.537188739754
829 	 0.425528233054
830 	 0.826030847315
831 	 0.260290513138
832 	 0.233778841663
833 	 0.170193657397
834 	 0.564487539026
835 	 0.601577391122
836 	 0.758171876894
837 	 0.685655326894
838 	 0.359655332008
839 	 0.27101924461
840 	 0.867792219821
841 	 0.012823826979
842 	 0.940597463594
843 	 0.92466723595
844 	 0.799663665277
845 	 0.032349871351
846 	 0.269139270762
847 	 0.99341779816
848 	 0.157340160573
849 	 0.10156802131
850 	 0.376710167703
851 	 0.496244821327
852 	 0.63215324175
853 	 0.571566717385
854 	 0.051407493584
855 	 0.262785732343
856 	 0.169532898139
857 	 0.923945631169
858 	 0.818735070435
859 	 0.613379991131
860 	 0.601433099553
861 	 0.373352780787
862 	 0.307634402093
863 	 0.553905735138
864 	 0.589589045237
865 	 0.90611159748
866 	 0.225284781691
867 	 0.40934810985
868 	 0.509613274757
869 	 0.076279753939
870 	 0.682588082172
871 	 0.115147317695
872 	 0.169226353511
873 	 0.248917716018
874 	 0.94637848228
875 	 0.008898996
876 	 0.122106803296
877 	 0.093712883329
878 	 0.931203372616
879 	 0.107507605792
880 	 0.433588584057
881 	 0.153086654727
882 	 0.132739650911
883 	 0.188579655884
884 	 0.729379288999
885 	 0.025200356234
886 	 0.663251781524
887 	 0.178949683217
888 	 0.404511946026
889 	 0.259199977298
890 	 0.499714645677
891 	 0.448158194629
892 	 0.008273786168
893 	 0.279035841775
894 	 0.474594047945
895 	 0.611050380263
896 	 0.266091663129
897 	 0.72374698419
898 	 0.111322281619
899 	 0.188416262521
900 	 0.856383514243
901 	 0.211436750368
902 	 0.229575301846
903 	 0.324495464206
904 	 0.238697210492
905 	 0.258298598115
906 	 0.214339609991
907 	 0.108700598215
908 	 0.671738459333
909 	 0.019432008751
910 	 0.05888044031
911 	 0.135974391994
912 	 0.965454044597
913 	 0.272368346572
914 	 0.869456141455
915 	 0.666158663846
916 	 0.627336858882
917 	 0.42383004808
918 	 0.183189809894
919 	 0.352741109558
920 	 0.710547604814
921 	 0.750714645796
922 	 0.892397988622
923 	 0.740257876513
924 	 0.71329074759
925 	 0.746870444064
926 	 0.329405465871
927 	 0.841913678607
928 	 0.116920543282
929 	 0.445174617244
930 	 0.802735715727
931 	 0.982616795759
932 	 0.509593943864
933 	 0.278902071066
934 	 0.637074987184
935 	 0.182480798407
936 	 0.087336373315
937 	 0.912494201258
938 	 0.881020380813
939 	 0.538341205453
940 	 0.280710490284
941 	 0.977207733591
942 	 0.326186430162
943 	 0.684419331981
944 	 0.173626621975
945 	 0.908705139633
946 	 0.022149816275
947 	 0.8773902411
948 	 0.483247521302
949 	 0.297376017757
950 	 0.72647827484
951 	 0.794840532076
952 	 0.244060693744
953 	 0.534940444441
954 	 0.393646046079
955 	 0.941112744988
956 	 0.574908065868
957 	 0.308851228737
958 	 0.358082593675
959 	 0.533743070848
960 	 0.866489027906
961 	 0.177644058285
962 	 0.734922203514
963 	 0.683202180772
964 	 0.674856607265
965 	 0.137358647472
966 	 0.739950298575
967 	 0.697757256686
968 	 0.247352199837
969 	 0.847589905381
970 	 0.788591115162
971 	 0.420127120544
972 	 0.585705467212
973 	 0.780189193073
974 	 0.301708547272
975 	 0.676867655793
976 	 0.685562233287
977 	 0.30294732549
978 	 0.28465470214
979 	 0.474136020723
980 	 0.018449701083
981 	 0.783967855211
982 	 0.519870059662
983 	 0.985517187099
984 	 0.27607540357
985 	 0.459955956584
986 	 0.797062779958
987 	 0.739941788933
988 	 0.482389634157
989 	 0.78898269832
990 	 0.686314977381
991 	 0.973341806672
992 	 0.317131154288
993 	 0.003405796406
994 	 0.946118212853
995 	 0.869226961672
996 	 0.988107871558
997 	 0.581598572202
998 	 0.518782534632
999 	 0.348101481325
# END OF FILE #