PROBLEM_NAME: RAP-NC-L_0209.txt
PROBLEM_TYPE: UB
NB_RESOURCES: 50
LINEAR_TERM: 9.9307
BOUNDS SECTION: INDEX 	 UB 	 LINEAR_TERM
0 	 0.71101028 	  0.45662134
1 	 1.2934816 	 -0.87649498
2 	 2.0195153 	  0.59344164
3 	 2.7612138 	 -0.66779962
4 	 3.4563646 	 -0.45064619
5 	 3.730267 	 -0.62847369
6 	 4.1342579 	  0.22554098
7 	 4.6238041 	 -0.68688014
8 	 4.9910948 	  0.43267235
9 	 5.3840308 	  0.14478823
10 	 5.8584953 	 -0.4490753
11 	 6.1051579 	 -0.27213672
12 	 6.93351 	 -0.59668452
13 	 7.3803447 	 -0.19928013
14 	 7.932011 	 -0.96729772
15 	 8.5861724 	 -0.10885876
16 	 9.0329984 	 -0.80080395
17 	 9.6048443 	 -0.32197796
18 	 10.172445 	  0.87827545
19 	 10.45165 	  0.82016737
20 	 11.288261 	 -0.45162797
21 	 11.775537 	 -0.80989665
22 	 12.225567 	 -0.96312927
23 	 12.753201 	 -0.86768494
24 	 13.282698 	  0.36916452
25 	 13.74673 	  0.26576903
26 	 14.312066 	 -0.93918643
27 	 14.876481 	  0.92387683
28 	 15.317078 	  0.86262168
29 	 16.015553 	  0.53958478
30 	 16.374438 	 -0.022090852
31 	 16.888545 	 -0.8698699
32 	 17.405017 	 -0.8628725
33 	 17.650985 	 -0.73066025
34 	 18.018034 	  0.23339702
35 	 18.549658 	 -0.4294434
36 	 19.021196 	 -0.98681982
37 	 19.510714 	 -0.17828671
38 	 19.77211 	 -0.91699878
39 	 20.560055 	 -0.41965887
40 	 20.955551 	 -0.41645703
41 	 21.333573 	 -0.27539062
42 	 21.762829 	 -0.4076757
43 	 22.146972 	  0.47005166
44 	 22.608615 	  0.29036801
45 	 22.970403 	  0.85904085
46 	 23.176585 	  0.36954059
47 	 23.785731 	  0.19651717
48 	 24.058002 	  0.7154583
49 	 24.534728 	  0.5732602
FUNCTION PROFILE: 
0 	 0.501264919539
1 	 0.032013306036
2 	 0.453304175875
3 	 0.019928302019
4 	 0.044423190056
5 	 0.995860253126
6 	 0.486213229301
7 	 0.950303574162
8 	 0.308856271965
9 	 0.205717043329
10 	 0.908550380531
11 	 0.104944807892
12 	 0.91395549507
13 	 0.781239265422
14 	 0.206752738493
15 	 0.851167762266
16 	 0.050934186028
17 	 0.893302411504
18 	 0.416757416917
19 	 0.185823632139
20 	 0.050136115386
21 	 0.775583354729
22 	 0.274976587088
23 	 0.931688812359
24 	 0.653619215366
25 	 0.50615946709
26 	 0.725626006666
27 	 0.889767930655
28 	 0.744527582332
29 	 0.572249879715
30 	 0.644491244871
31 	 0.443102065027
32 	 0.139462766591
33 	 0.520226623345
34 	 0.451900874571
35 	 0.94801489916
36 	 0.119676033956
37 	 0.493028716697
38 	 0.821791990661
39 	 0.927420574273
40 	 0.964924758856
41 	 0.170650047939
42 	 0.831599659006
43 	 0.529254263866
44 	 0.172817845122
45 	 0.954518766395
46 	 0.821123298562
47 	 0.739893517981
48 	 0.094229293207
49 	 0.453010553177
# END OF FILE #