PROBLEM_NAME: RAP-NC-L_0300.txt
PROBLEM_TYPE: UB
NB_RESOURCES: 100
LINEAR_TERM: -6.31105
BOUNDS SECTION: INDEX 	 UB 	 LINEAR_TERM
0 	 0.58622725 	 -0.10352903
1 	 1.0534782 	  0.74598477
2 	 1.6163803 	 -0.54998354
3 	 2.0439473 	 -0.32071138
4 	 2.6575193 	  0.39026534
5 	 3.0328265 	  0.2456772
6 	 3.3276607 	  0.89567518
7 	 3.5198275 	  0.45860282
8 	 4.0090008 	  0.0079447102
9 	 4.5745289 	 -0.63082147
10 	 4.861961 	  0.68238516
11 	 5.1373975 	  0.20799917
12 	 5.7446301 	 -0.55266743
13 	 6.1380507 	 -0.39906366
14 	 6.6309017 	  0.73633838
15 	 7.0596692 	  0.19411771
16 	 7.3212305 	 -0.56207823
17 	 7.9475634 	  0.31379671
18 	 8.2704851 	  0.12052952
19 	 9.054826 	 -0.71948484
20 	 9.6729857 	 -0.67970047
21 	 10.258575 	  0.25443665
22 	 10.598437 	 -0.88161006
23 	 11.057979 	  0.56521003
24 	 11.532757 	 -0.85472768
25 	 11.867377 	 -0.76456995
26 	 12.230228 	 -0.38115562
27 	 12.79471 	 -0.14967024
28 	 13.224476 	 -0.58550504
29 	 14.06701 	  0.77470277
30 	 14.451 	 -0.69702566
31 	 15.10255 	  0.79043423
32 	 15.266301 	  0.30389841
33 	 15.761442 	 -0.94726805
34 	 16.312664 	  0.49119983
35 	 16.852826 	  0.3476371
36 	 17.460692 	  0.43069721
37 	 17.884104 	  0.19532772
38 	 18.368208 	  0.87988355
39 	 19.06305 	 -0.56302008
40 	 19.600862 	 -0.2418977
41 	 20.171654 	  0.27855144
42 	 20.561921 	 -0.96548239
43 	 21.364335 	 -0.32212407
44 	 21.929556 	  0.77678052
45 	 22.164631 	 -0.15911135
46 	 22.66437 	  0.82330002
47 	 23.316346 	  0.69869482
48 	 23.686399 	  0.21866829
49 	 24.185834 	  0.93427231
50 	 24.710474 	 -0.068517825
51 	 25.114293 	  0.11224415
52 	 25.947132 	  0.7005969
53 	 26.5713 	  0.14560094
54 	 26.834002 	  0.41693267
55 	 27.341729 	 -0.028885324
56 	 27.887276 	  0.16300715
57 	 28.598955 	 -0.62507802
58 	 29.177887 	 -0.4293406
59 	 29.832047 	 -0.87725711
60 	 30.404997 	 -0.97466177
61 	 30.834892 	 -0.46929458
62 	 31.056905 	 -0.26848703
63 	 31.802097 	  0.67682657
64 	 32.510598 	 -0.99207219
65 	 32.949419 	  0.57434029
66 	 33.578849 	  0.69094441
67 	 34.330973 	  0.18670414
68 	 34.511853 	  0.58190115
69 	 35.044481 	 -0.56755037
70 	 35.528274 	  0.093283006
71 	 36.132693 	 -0.17882669
72 	 36.906235 	 -0.2037917
73 	 37.169777 	  0.56686373
74 	 37.666738 	  0.63589861
75 	 38.464169 	  0.11010993
76 	 39.01735 	 -0.61604512
77 	 39.326178 	  0.16098724
78 	 39.789729 	  0.49349048
79 	 40.216733 	 -0.37714086
80 	 40.589028 	 -0.11719254
81 	 41.415819 	 -0.97570064
82 	 41.848813 	 -0.033011092
83 	 42.536298 	  0.8203377
84 	 43.113527 	  0.78802583
85 	 43.720228 	 -0.37757094
86 	 44.309704 	  0.49682343
87 	 44.704269 	  0.40677662
88 	 45.276781 	  0.38077137
89 	 45.591527 	 -0.82176692
90 	 45.896747 	  0.83088601
91 	 46.422742 	  0.22777083
92 	 46.925662 	 -0.67179259
93 	 47.444171 	 -0.97490314
94 	 47.779831 	 -0.29199685
95 	 48.234406 	  0.86267296
96 	 48.817807 	 -0.19231162
97 	 49.485749 	 -0.062249501
98 	 50.228894 	 -0.049931891
99 	 49.068825 	  0.38323958
FUNCTION PROFILE: 
0 	 0.119043852262
1 	 0.379916687995
2 	 0.699884276746
3 	 0.10223512393
4 	 0.725843345064
5 	 0.233013124967
6 	 0.998904169858
7 	 0.869713325433
8 	 0.330994945524
9 	 0.43662508059
10 	 0.587008136959
11 	 0.009826559055
12 	 0.138969061577
13 	 0.473901565804
14 	 0.974746739495
15 	 0.364105014556
16 	 0.178829106482
17 	 0.100918799322
18 	 0.270732139666
19 	 0.339119552859
20 	 0.30880632441
21 	 0.586013877973
22 	 0.809937117162
23 	 0.965614269638
24 	 0.917226113
25 	 0.993324034783
26 	 0.542112585562
27 	 0.239251026895
28 	 0.291296639549
29 	 0.834772586031
30 	 0.610067498345
31 	 0.614780375433
32 	 0.454201178799
33 	 0.355274003659
34 	 0.15063291962
35 	 0.194604009772
36 	 0.932120872063
37 	 0.469358055787
38 	 0.10018542898
39 	 0.575788730388
40 	 0.177629625865
41 	 0.359746597492
42 	 0.561042357621
43 	 9.71783e-07
44 	 0.765506806976
45 	 0.441637917338
46 	 0.610460750102
47 	 0.177403178328
48 	 0.474178361212
49 	 0.740954061069
50 	 0.165851650591
51 	 0.001867668795
52 	 0.197169064959
53 	 0.171709167963
54 	 0.995206288066
55 	 0.298869466096
56 	 0.693343544029
57 	 0.855402741042
58 	 0.480088809727
59 	 0.155849658723
60 	 0.009929158763
61 	 0.336118319063
62 	 0.161489804245
63 	 0.955514096848
64 	 0.60312277026
65 	 0.935801819088
66 	 0.564407075081
67 	 0.661897829856
68 	 0.569906472175
69 	 0.413434824288
70 	 0.697565962965
71 	 0.78129922164
72 	 0.748036026877
73 	 0.434474151156
74 	 0.396021633018
75 	 0.792626105441
76 	 0.746211854157
77 	 0.960907646168
78 	 0.072662546997
79 	 0.42272761706
80 	 0.255962280512
81 	 0.193792525771
82 	 0.505909811073
83 	 0.48379723572
84 	 0.57930349681
85 	 0.617388558836
86 	 0.680840459256
87 	 0.992812524291
88 	 0.069405879985
89 	 0.907194663698
90 	 0.074324297215
91 	 0.366876526966
92 	 0.476606446613
93 	 0.077554653159
94 	 0.367519702211
95 	 0.513894641773
96 	 0.781708467647
97 	 0.054741213117
98 	 0.474164969417
99 	 0.367940125446
# END OF FILE #