PROBLEM_NAME: RAP-NC-L_0201.txt
PROBLEM_TYPE: UB
NB_RESOURCES: 50
LINEAR_TERM: 7.69588
BOUNDS SECTION: INDEX 	 UB 	 LINEAR_TERM
0 	 0.56601929 	  0.31310596
1 	 1.0581528 	  0.28137434
2 	 1.5483759 	  0.75462745
3 	 1.9904216 	  0.24288533
4 	 2.542572 	 -0.5910684
5 	 2.9458712 	 -0.30772584
6 	 3.3654269 	 -0.16863146
7 	 4.0113743 	  0.76830008
8 	 4.5923225 	  0.99740722
9 	 5.0504249 	 -0.87713579
10 	 5.729636 	 -0.87471655
11 	 6.4387385 	  0.97451184
12 	 7.0025542 	 -0.73568924
13 	 7.6011076 	 -0.81059704
14 	 8.0007107 	 -0.61628397
15 	 8.4373765 	 -0.91695059
16 	 9.2104297 	 -0.053598367
17 	 9.762591 	  0.96289509
18 	 10.193214 	  0.77834356
19 	 10.740189 	  0.78177162
20 	 11.201686 	 -0.91857236
21 	 11.630952 	 -0.7778702
22 	 12.281757 	 -0.051245181
23 	 12.645506 	 -0.32141671
24 	 13.070747 	 -0.62858632
25 	 13.717652 	 -0.96653134
26 	 13.992788 	 -0.13873616
27 	 14.446216 	 -0.16935303
28 	 14.677569 	  0.55387178
29 	 15.086117 	  0.36845624
30 	 15.42135 	  0.85789467
31 	 15.879544 	  0.26578778
32 	 16.246914 	 -0.95703709
33 	 16.676313 	  0.95801645
34 	 17.274775 	  0.80630876
35 	 17.468923 	  0.21318588
36 	 18.231606 	 -0.96673623
37 	 18.784454 	 -0.24261154
38 	 19.411442 	 -0.048288351
39 	 20.056418 	 -0.98643041
40 	 20.688316 	 -0.84378403
41 	 21.035844 	 -0.087693652
42 	 21.741798 	  0.89361148
43 	 22.237066 	  0.66284229
44 	 22.759695 	 -0.62081349
45 	 23.263775 	 -0.087577716
46 	 23.694314 	 -0.18320631
47 	 24.435205 	  0.7277775
48 	 24.800145 	  0.69761787
49 	 24.349101 	 -0.094122386
FUNCTION PROFILE: 
0 	 0.145115806597
1 	 0.755224272417
2 	 0.896812356019
3 	 0.507181221207
4 	 0.784409501412
5 	 0.755312937479
6 	 0.989786936208
7 	 0.072174453679
8 	 0.344611274643
9 	 0.668077597708
10 	 0.162142921545
11 	 0.547878899764
12 	 0.318625144749
13 	 0.276786311909
14 	 0.27890099293
15 	 0.794787677624
16 	 0.480060536582
17 	 0.808756659531
18 	 0.140274932675
19 	 0.606616281038
20 	 0.496413919941
21 	 0.980997480178
22 	 0.143745358575
23 	 0.493210694856
24 	 0.169338557874
25 	 0.531201689592
26 	 0.7013441685
27 	 0.583441469242
28 	 0.229440956184
29 	 0.261413127111
30 	 0.276876377409
31 	 0.067704007079
32 	 0.714981138059
33 	 0.171833073812
34 	 0.952326028209
35 	 0.220021125885
36 	 0.552295097793
37 	 0.32599373791
38 	 0.830004426311
39 	 0.693498259237
40 	 0.173549877182
41 	 0.231190283506
42 	 0.87617170837
43 	 0.325708182599
44 	 0.958494407037
45 	 0.420018304466
46 	 0.944821818193
47 	 0.676596138141
48 	 0.401411322797
49 	 0.25915561765
# END OF FILE #