PROBLEM_NAME: RAP-NC-L_0206.txt
PROBLEM_TYPE: UB
NB_RESOURCES: 50
LINEAR_TERM: -12.6006
BOUNDS SECTION: INDEX 	 UB 	 LINEAR_TERM
0 	 0.68115401 	 -0.51824099
1 	 1.3104933 	 -0.15172603
2 	 1.7850772 	  0.52246273
3 	 2.3839999 	 -0.24621615
4 	 2.791564 	 -0.52750493
5 	 3.4609119 	  0.64569562
6 	 3.9396433 	  0.65869687
7 	 4.1793924 	 -0.66954677
8 	 4.5181087 	 -0.015420822
9 	 5.2345705 	 -0.96273588
10 	 5.9241105 	 -0.17827924
11 	 6.5576831 	  0.40722251
12 	 7.0060224 	  0.25324803
13 	 7.6574126 	 -0.19822688
14 	 8.237084 	  0.39609695
15 	 8.9558157 	 -0.52995267
16 	 9.4672084 	  0.039984663
17 	 10.098313 	 -0.15491946
18 	 10.46437 	  0.34952945
19 	 10.818176 	 -0.098100253
20 	 11.409755 	 -0.5886912
21 	 12.049749 	 -0.28794452
22 	 12.264312 	  0.93905917
23 	 12.610878 	  0.76721367
24 	 13.026895 	 -0.93771369
25 	 13.616796 	  0.52413416
26 	 14.116473 	  0.85807212
27 	 14.714623 	 -0.82899054
28 	 15.141054 	  0.23910757
29 	 15.732486 	 -0.030306611
30 	 16.365869 	 -0.21060777
31 	 16.801369 	  0.18253025
32 	 17.187104 	 -0.10914469
33 	 17.548294 	  0.59673787
34 	 18.030421 	 -0.94234827
35 	 18.602328 	  0.11400795
36 	 19.119289 	  0.75576993
37 	 19.296177 	  0.57610132
38 	 19.805353 	  0.17620335
39 	 20.298198 	  0.18073376
40 	 20.91671 	  0.81048856
41 	 21.264297 	  0.57409775
42 	 21.800789 	  0.47471951
43 	 22.476679 	  0.09463562
44 	 22.658092 	  0.33563357
45 	 23.197606 	 -0.8506801
46 	 23.504993 	 -0.57828566
47 	 23.982884 	  0.48424687
48 	 24.641465 	 -0.26447789
49 	 24.969903 	 -0.81016115
FUNCTION PROFILE: 
0 	 0.82057992832
1 	 0.788771907202
2 	 0.3743208986
3 	 0.374692977156
4 	 0.345856919692
5 	 0.161666295344
6 	 0.878439503875
7 	 0.988973321922
8 	 0.929685256312
9 	 0.733487094681
10 	 0.19213707453
11 	 0.236129176388
12 	 0.388942214852
13 	 0.903501175661
14 	 0.209362449508
15 	 0.560122747859
16 	 0.718173259693
17 	 0.846063630805
18 	 0.616733200505
19 	 0.3480114944
20 	 0.078284317954
21 	 0.188339022572
22 	 0.059655124076
23 	 0.701973389539
24 	 0.735662152951
25 	 0.194681014099
26 	 0.298683034151
27 	 0.83070697207
28 	 0.237218642877
29 	 0.177411259008
30 	 0.077776886479
31 	 0.709194497214
32 	 0.345009354339
33 	 0.63668426407
34 	 0.691614309791
35 	 0.684483758457
36 	 0.066909036537
37 	 0.421198773739
38 	 0.245571829732
39 	 0.074710467529
40 	 0.818912352939
41 	 0.900813696818
42 	 0.58307977852
43 	 0.302276271591
44 	 0.689684019365
45 	 0.605474853977
46 	 0.243759574171
47 	 0.643347538878
48 	 0.524583040481
49 	 0.261706115975
# END OF FILE #