PROBLEM_NAME: RAP-NC-L_0105.txt
PROBLEM_TYPE: UB
NB_RESOURCES: 20
LINEAR_TERM: -4.39572
BOUNDS SECTION: INDEX 	 UB 	 LINEAR_TERM
0 	 0.18551376 	 -0.40638103
1 	 0.75511199 	  0.024118746
2 	 1.2655531 	  0.65416835
3 	 1.9084847 	  0.51554599
4 	 2.5354498 	  0.25666458
5 	 3.2429868 	 -0.34492811
6 	 3.9760462 	 -0.64023454
7 	 4.6521669 	 -0.64807959
8 	 5.1562027 	 -0.017200959
9 	 5.509618 	 -0.99637208
10 	 5.9482818 	 -0.10975551
11 	 6.3588265 	 -0.83452741
12 	 6.7872127 	  0.93779989
13 	 7.1997051 	 -0.54376038
14 	 7.7013802 	 -0.79881845
15 	 8.3816922 	  0.67581088
16 	 9.0590592 	 -0.48296274
17 	 9.2361656 	  0.68007132
18 	 10.043474 	 -0.55732529
19 	 10.409197 	 -0.99497292
FUNCTION PROFILE: 
0 	 0.579379582578
1 	 0.24570595419
2 	 0.941442734143
3 	 0.235978374984
4 	 0.4629461086
5 	 0.178422591183
6 	 0.778791063092
7 	 0.748039972969
8 	 0.983526943599
9 	 0.704911664744
10 	 0.789620489576
11 	 0.341384187117
12 	 0.885020588061
13 	 0.832183306047
14 	 0.679780323011
15 	 0.782330249214
16 	 0.496534807921
17 	 0.561780737565
18 	 0.829187531417
19 	 0.199630859804
# END OF FILE #