5 5
8 9 8 -2 6 
28 76
3 5 9 9 -10 
1 1 1 1 1 
7 9 16 21 28 

5 5
8 9 8 -2 6 
28 76
3 5 9 9 -10 
1 1 1 1 1 
7 9 16 21 28 

5 5
8 9 8 -2 6 
28 76
3 5 9 9 -10 
1 1 1 1 1 
7 9 16 21 28 

5 5
8 9 8 -2 6 
28 76
3 5 9 9 -10 
1 1 1 1 1 
7 9 16 21 28 

5 5
8 9 8 -2 6 
28 76
3 5 9 9 -10 
1 1 1 1 1 
7 9 16 21 28 

5 5
8 9 8 -2 6 
28 76
3 5 9 9 -10 
1 1 1 1 1 
7 9 16 21 28 

15 15
4 9 8 -4 -2 -9 -3 -5 -6 5 -3 -3 -4 6 9 
260 282
4 5 4 -10 -7 -5 -9 2 10 -5 8 -4 5 -5 10 
1 1 1 1 1 1 1 1 1 1 1 1 1 1 1 
9 31 50 66 86 106 126 134 160 166 178 203 227 233 260 

20 20
-7 8 1 -7 -3 -5 -9 -5 0 6 1 2 6 4 -5 6 4 -8 5 -4 
435 489
-8 -8 5 9 -8 4 -1 -6 -4 1 5 -1 -8 6 7 -5 -10 6 5 10 
1 1 1 1 1 1 1 1 1 1 1 1 1 1 1 1 1 1 1 1 
24 42 77 95 129 143 145 169 198 209 229 252 280 314 349 359 387 408 431 435 

20 20
-7 8 1 -7 -3 -5 -9 -5 0 6 1 2 6 4 -5 6 4 -8 5 -4 
435 489
-8 -8 5 9 -8 4 -1 -6 -4 1 5 -1 -8 6 7 -5 -10 6 5 10 
1 1 1 1 1 1 1 1 1 1 1 1 1 1 1 1 1 1 1 1 
24 42 77 95 129 143 145 169 198 209 229 252 280 314 349 359 387 408 431 435 

25 25
-6 1 7 -3 -6 -5 -7 -6 -9 -3 1 5 6 9 -7 -8 8 1 -3 8 6 9 8 1 0 
595 616
-8 -1 -5 -1 4 1 -10 4 5 -2 -8 -6 -3 -6 6 -4 -10 6 -2 -4 -4 -6 9 -3 8 
1 1 1 1 1 1 1 1 1 1 1 1 1 1 1 1 1 1 1 1 1 1 1 1 1 
24 39 64 66 96 115 117 130 144 175 177 203 227 274 277 293 339 358 400 423 452 496 540 583 595 

15 15
4 9 8 -4 -2 -9 -3 -5 -6 5 -3 -3 -4 6 9 
260 282
4 5 4 -10 -7 -5 -9 2 10 -5 8 -4 5 -5 10 
1 1 1 1 1 1 1 1 1 1 1 1 1 1 1 
9 31 50 66 86 106 126 134 160 166 178 203 227 233 260 

15 15
4 9 8 -4 -2 -9 -3 -5 -6 5 -3 -3 -4 6 9 
260 282
4 5 4 -10 -7 -5 -9 2 10 -5 8 -4 5 -5 10 
1 1 1 1 1 1 1 1 1 1 1 1 1 1 1 
9 31 50 66 86 106 126 134 160 166 178 203 227 233 260 

15 15
4 9 8 -4 -2 -9 -3 -5 -6 5 -3 -3 -4 6 9 
260 282
4 5 4 -10 -7 -5 -9 2 10 -5 8 -4 5 -5 10 
1 1 1 1 1 1 1 1 1 1 1 1 1 1 1 
9 31 50 66 86 106 126 134 160 166 178 203 227 233 260 

15 15
4 9 8 -4 -2 -9 -3 -5 -6 5 -3 -3 -4 6 9 
260 282
4 5 4 -10 -7 -5 -9 2 10 -5 8 -4 5 -5 10 
1 1 1 1 1 1 1 1 1 1 1 1 1 1 1 
9 31 50 66 86 106 126 134 160 166 178 203 227 233 260 

15 15
4 9 8 -4 -2 -9 -3 -5 -6 5 -3 -3 -4 6 9 
260 282
4 5 4 -10 -7 -5 -9 2 10 -5 8 -4 5 -5 10 
1 1 1 1 1 1 1 1 1 1 1 1 1 1 1 
9 31 50 66 86 106 126 134 160 166 178 203 227 233 260 

15 15
4 9 8 -4 -2 -9 -3 -5 -6 5 -3 -3 -4 6 9 
260 282
4 5 4 -10 -7 -5 -9 2 10 -5 8 -4 5 -5 10 
1 1 1 1 1 1 1 1 1 1 1 1 1 1 1 
9 31 50 66 86 106 126 134 160 166 178 203 227 233 260 

20 20
-7 8 1 -7 -3 -5 -9 -5 0 6 1 2 6 4 -5 6 4 -8 5 -4 
435 489
-8 -8 5 9 -8 4 -1 -6 -4 1 5 -1 -8 6 7 -5 -10 6 5 10 
1 1 1 1 1 1 1 1 1 1 1 1 1 1 1 1 1 1 1 1 
24 42 77 95 129 143 145 169 198 209 229 252 280 314 349 359 387 408 431 435 

25 25
-6 1 7 -3 -6 -5 -7 -6 -9 -3 1 5 6 9 -7 -8 8 1 -3 8 6 9 8 1 0 
595 616
-8 -1 -5 -1 4 1 -10 4 5 -2 -8 -6 -3 -6 6 -4 -10 6 -2 -4 -4 -6 9 -3 8 
1 1 1 1 1 1 1 1 1 1 1 1 1 1 1 1 1 1 1 1 1 1 1 1 1 
24 39 64 66 96 115 117 130 144 175 177 203 227 274 277 293 339 358 400 423 452 496 540 583 595 

5 5
8 9 8 -2 6 
28 76
3 5 9 9 -10 
1 1 1 1 1 
7 9 16 21 28 

5 5
8 9 8 -2 6 
28 76
3 5 9 9 -10 
1 1 1 1 1 
7 9 16 21 28 

15 15
4 9 8 -4 -2 -9 -3 -5 -6 5 -3 -3 -4 6 9 
260 282
4 5 4 -10 -7 -5 -9 2 10 -5 8 -4 5 -5 10 
1 1 1 1 1 1 1 1 1 1 1 1 1 1 1 
9 31 50 66 86 106 126 134 160 166 178 203 227 233 260 

20 20
-4 -9 -0 8 -1 -2 6 2 -9 3 -9 7 -8 0 2 5 1 9 3 2 
388 444
3 3 -5 10 5 -5 -10 4 6 -3 6 -3 8 -1 1 5 2 -4 -8 10 
1 1 1 1 1 1 1 1 1 1 1 1 1 1 1 1 1 1 1 1 
8 37 37 76 100 136 136 167 172 186 204 238 253 287 296 317 317 327 360 388 

20 20
-5 -8 -1 3 8 5 -5 6 -3 -8 -5 -4 1 5 8 9 -4 0 -6 7 
423 518
4 9 10 -5 -8 6 2 2 9 7 6 -1 6 -1 -6 -1 -1 10 2 1 
1 1 1 1 1 1 1 1 1 1 1 1 1 1 1 1 1 1 1 1 
10 37 75 93 125 146 172 203 209 222 223 236 248 269 301 339 348 378 390 423 

20 20
-7 8 1 -7 -3 -5 -9 -5 0 6 1 2 6 4 -5 6 4 -8 5 -4 
435 489
-8 -8 5 9 -8 4 -1 -6 -4 1 5 -1 -8 6 7 -5 -10 6 5 10 
1 1 1 1 1 1 1 1 1 1 1 1 1 1 1 1 1 1 1 1 
24 42 77 95 129 143 145 169 198 209 229 252 280 314 349 359 387 408 431 435 

25 25
-6 1 7 -3 -6 -5 -7 -6 -9 -3 1 5 6 9 -7 -8 8 1 -3 8 6 9 8 1 0 
595 616
-8 -1 -5 -1 4 1 -10 4 5 -2 -8 -6 -3 -6 6 -4 -10 6 -2 -4 -4 -6 9 -3 8 
1 1 1 1 1 1 1 1 1 1 1 1 1 1 1 1 1 1 1 1 1 1 1 1 1 
24 39 64 66 96 115 117 130 144 175 177 203 227 274 277 293 339 358 400 423 452 496 540 583 595 

5 5
8 9 8 -2 6 
28 76
3 5 9 9 -10 
1 1 1 1 1 
7 9 16 21 28 

15 15
4 9 8 -4 -2 -9 -3 -5 -6 5 -3 -3 -4 6 9 
260 282
4 5 4 -10 -7 -5 -9 2 10 -5 8 -4 5 -5 10 
1 1 1 1 1 1 1 1 1 1 1 1 1 1 1 
9 31 50 66 86 106 126 134 160 166 178 203 227 233 260 

5 5
8 9 8 -2 6 
28 76
3 5 9 9 -10 
1 1 1 1 1 
7 9 16 21 28 

15 15
4 9 8 -4 -2 -9 -3 -5 -6 5 -3 -3 -4 6 9 
260 282
4 5 4 -10 -7 -5 -9 2 10 -5 8 -4 5 -5 10 
1 1 1 1 1 1 1 1 1 1 1 1 1 1 1 
9 31 50 66 86 106 126 134 160 166 178 203 227 233 260 

20 20
-5 -8 -1 3 8 5 -5 6 -3 -8 -5 -4 1 5 8 9 -4 0 -6 7 
423 518
4 9 10 -5 -8 6 2 2 9 7 6 -1 6 -1 -6 -1 -1 10 2 1 
1 1 1 1 1 1 1 1 1 1 1 1 1 1 1 1 1 1 1 1 
10 37 75 93 125 146 172 203 209 222 223 236 248 269 301 339 348 378 390 423 

5 5
8 9 8 -2 6 
28 76
3 5 9 9 -10 
1 1 1 1 1 
7 9 16 21 28 

5 5
8 9 8 -2 6 
28 76
3 5 9 9 -10 
1 1 1 1 1 
7 9 16 21 28 

5 5
8 9 8 -2 6 
28 76
3 5 9 9 -10 
1 1 1 1 1 
7 9 16 21 28 

5 5
8 9 8 -2 6 
28 76
3 5 9 9 -10 
1 1 1 1 1 
7 9 16 21 28 

15 15
4 9 8 -4 -2 -9 -3 -5 -6 5 -3 -3 -4 6 9 
260 282
4 5 4 -10 -7 -5 -9 2 10 -5 8 -4 5 -5 10 
1 1 1 1 1 1 1 1 1 1 1 1 1 1 1 
9 31 50 66 86 106 126 134 160 166 178 203 227 233 260 

20 20
-4 -9 -0 8 -1 -2 6 2 -9 3 -9 7 -8 0 2 5 1 9 3 2 
388 444
3 3 -5 10 5 -5 -10 4 6 -3 6 -3 8 -1 1 5 2 -4 -8 10 
1 1 1 1 1 1 1 1 1 1 1 1 1 1 1 1 1 1 1 1 
8 37 37 76 100 136 136 167 172 186 204 238 253 287 296 317 317 327 360 388 

20 20
-5 -8 -1 3 8 5 -5 6 -3 -8 -5 -4 1 5 8 9 -4 0 -6 7 
423 518
4 9 10 -5 -8 6 2 2 9 7 6 -1 6 -1 -6 -1 -1 10 2 1 
1 1 1 1 1 1 1 1 1 1 1 1 1 1 1 1 1 1 1 1 
10 37 75 93 125 146 172 203 209 222 223 236 248 269 301 339 348 378 390 423 

20 20
-7 8 1 -7 -3 -5 -9 -5 0 6 1 2 6 4 -5 6 4 -8 5 -4 
435 489
-8 -8 5 9 -8 4 -1 -6 -4 1 5 -1 -8 6 7 -5 -10 6 5 10 
1 1 1 1 1 1 1 1 1 1 1 1 1 1 1 1 1 1 1 1 
24 42 77 95 129 143 145 169 198 209 229 252 280 314 349 359 387 408 431 435 

25 25
-6 1 7 -3 -6 -5 -7 -6 -9 -3 1 5 6 9 -7 -8 8 1 -3 8 6 9 8 1 0 
595 616
-8 -1 -5 -1 4 1 -10 4 5 -2 -8 -6 -3 -6 6 -4 -10 6 -2 -4 -4 -6 9 -3 8 
1 1 1 1 1 1 1 1 1 1 1 1 1 1 1 1 1 1 1 1 1 1 1 1 1 
24 39 64 66 96 115 117 130 144 175 177 203 227 274 277 293 339 358 400 423 452 496 540 583 595 

25 25
-5 -4 -6 3 8 -3 -2 7 -8 0 -6 5 -3 5 7 -9 -6 -6 -8 1 -0 -1 4 -9 -6 
763 826
3 -7 1 -7 -4 5 -5 10 -4 -6 3 -4 -1 -10 6 1 -9 6 2 9 -10 5 2 6 6 
1 1 1 1 1 1 1 1 1 1 1 1 1 1 1 1 1 1 1 1 1 1 1 1 1 
43 61 80 126 171 181 219 253 297 320 368 414 451 470 505 521 551 569 604 628 631 645 680 725 763 

5 5
8 9 8 -2 6 
28 76
3 5 9 9 -10 
1 1 1 1 1 
7 9 16 21 28 

15 15
4 9 8 -4 -2 -9 -3 -5 -6 5 -3 -3 -4 6 9 
260 282
4 5 4 -10 -7 -5 -9 2 10 -5 8 -4 5 -5 10 
1 1 1 1 1 1 1 1 1 1 1 1 1 1 1 
9 31 50 66 86 106 126 134 160 166 178 203 227 233 260 

5 5
8 9 8 -2 6 
28 76
3 5 9 9 -10 
1 1 1 1 1 
7 9 16 21 28 

15 15
4 9 8 -4 -2 -9 -3 -5 -6 5 -3 -3 -4 6 9 
260 282
4 5 4 -10 -7 -5 -9 2 10 -5 8 -4 5 -5 10 
1 1 1 1 1 1 1 1 1 1 1 1 1 1 1 
9 31 50 66 86 106 126 134 160 166 178 203 227 233 260 

15 15
-8 -9 -8 6 -7 -5 -8 -9 -9 -2 7 8 -2 4 8 
242 331
9 3 -3 1 2 8 5 3 9 -1 -5 6 7 -9 -5 
1 1 1 1 1 1 1 1 1 1 1 1 1 1 1 
17 35 63 90 101 106 119 141 151 158 164 191 208 225 242 

20 20
-7 8 1 -7 -3 -5 -9 -5 0 6 1 2 6 4 -5 6 4 -8 5 -4 
435 489
-8 -8 5 9 -8 4 -1 -6 -4 1 5 -1 -8 6 7 -5 -10 6 5 10 
1 1 1 1 1 1 1 1 1 1 1 1 1 1 1 1 1 1 1 1 
24 42 77 95 129 143 145 169 198 209 229 252 280 314 349 359 387 408 431 435 

25 25
-6 1 7 -3 -6 -5 -7 -6 -9 -3 1 5 6 9 -7 -8 8 1 -3 8 6 9 8 1 0 
595 616
-8 -1 -5 -1 4 1 -10 4 5 -2 -8 -6 -3 -6 6 -4 -10 6 -2 -4 -4 -6 9 -3 8 
1 1 1 1 1 1 1 1 1 1 1 1 1 1 1 1 1 1 1 1 1 1 1 1 1 
24 39 64 66 96 115 117 130 144 175 177 203 227 274 277 293 339 358 400 423 452 496 540 583 595 

5 5
8 9 8 -2 6 
28 76
3 5 9 9 -10 
1 1 1 1 1 
7 9 16 21 28 

15 15
4 9 8 -4 -2 -9 -3 -5 -6 5 -3 -3 -4 6 9 
260 282
4 5 4 -10 -7 -5 -9 2 10 -5 8 -4 5 -5 10 
1 1 1 1 1 1 1 1 1 1 1 1 1 1 1 
9 31 50 66 86 106 126 134 160 166 178 203 227 233 260 

15 15
-8 -9 -8 6 -7 -5 -8 -9 -9 -2 7 8 -2 4 8 
242 331
9 3 -3 1 2 8 5 3 9 -1 -5 6 7 -9 -5 
1 1 1 1 1 1 1 1 1 1 1 1 1 1 1 
17 35 63 90 101 106 119 141 151 158 164 191 208 225 242 

20 20
-5 -8 -1 3 8 5 -5 6 -3 -8 -5 -4 1 5 8 9 -4 0 -6 7 
423 518
4 9 10 -5 -8 6 2 2 9 7 6 -1 6 -1 -6 -1 -1 10 2 1 
1 1 1 1 1 1 1 1 1 1 1 1 1 1 1 1 1 1 1 1 
10 37 75 93 125 146 172 203 209 222 223 236 248 269 301 339 348 378 390 423 

20 20
-7 8 1 -7 -3 -5 -9 -5 0 6 1 2 6 4 -5 6 4 -8 5 -4 
435 489
-8 -8 5 9 -8 4 -1 -6 -4 1 5 -1 -8 6 7 -5 -10 6 5 10 
1 1 1 1 1 1 1 1 1 1 1 1 1 1 1 1 1 1 1 1 
24 42 77 95 129 143 145 169 198 209 229 252 280 314 349 359 387 408 431 435 

25 25
-6 1 7 -3 -6 -5 -7 -6 -9 -3 1 5 6 9 -7 -8 8 1 -3 8 6 9 8 1 0 
595 616
-8 -1 -5 -1 4 1 -10 4 5 -2 -8 -6 -3 -6 6 -4 -10 6 -2 -4 -4 -6 9 -3 8 
1 1 1 1 1 1 1 1 1 1 1 1 1 1 1 1 1 1 1 1 1 1 1 1 1 
24 39 64 66 96 115 117 130 144 175 177 203 227 274 277 293 339 358 400 423 452 496 540 583 595 

5 5
8 9 8 -2 6 
28 76
3 5 9 9 -10 
1 1 1 1 1 
7 9 16 21 28 

15 15
4 9 8 -4 -2 -9 -3 -5 -6 5 -3 -3 -4 6 9 
260 282
4 5 4 -10 -7 -5 -9 2 10 -5 8 -4 5 -5 10 
1 1 1 1 1 1 1 1 1 1 1 1 1 1 1 
9 31 50 66 86 106 126 134 160 166 178 203 227 233 260 

15 15
-8 -9 -8 6 -7 -5 -8 -9 -9 -2 7 8 -2 4 8 
242 331
9 3 -3 1 2 8 5 3 9 -1 -5 6 7 -9 -5 
1 1 1 1 1 1 1 1 1 1 1 1 1 1 1 
17 35 63 90 101 106 119 141 151 158 164 191 208 225 242 

20 20
-5 -8 -1 3 8 5 -5 6 -3 -8 -5 -4 1 5 8 9 -4 0 -6 7 
423 518
4 9 10 -5 -8 6 2 2 9 7 6 -1 6 -1 -6 -1 -1 10 2 1 
1 1 1 1 1 1 1 1 1 1 1 1 1 1 1 1 1 1 1 1 
10 37 75 93 125 146 172 203 209 222 223 236 248 269 301 339 348 378 390 423 

20 20
-7 8 1 -7 -3 -5 -9 -5 0 6 1 2 6 4 -5 6 4 -8 5 -4 
435 489
-8 -8 5 9 -8 4 -1 -6 -4 1 5 -1 -8 6 7 -5 -10 6 5 10 
1 1 1 1 1 1 1 1 1 1 1 1 1 1 1 1 1 1 1 1 
24 42 77 95 129 143 145 169 198 209 229 252 280 314 349 359 387 408 431 435 

25 25
-6 1 7 -3 -6 -5 -7 -6 -9 -3 1 5 6 9 -7 -8 8 1 -3 8 6 9 8 1 0 
595 616
-8 -1 -5 -1 4 1 -10 4 5 -2 -8 -6 -3 -6 6 -4 -10 6 -2 -4 -4 -6 9 -3 8 
1 1 1 1 1 1 1 1 1 1 1 1 1 1 1 1 1 1 1 1 1 1 1 1 1 
24 39 64 66 96 115 117 130 144 175 177 203 227 274 277 293 339 358 400 423 452 496 540 583 595 

15 15
4 9 8 -4 -2 -9 -3 -5 -6 5 -3 -3 -4 6 9 
260 282
4 5 4 -10 -7 -5 -9 2 10 -5 8 -4 5 -5 10 
1 1 1 1 1 1 1 1 1 1 1 1 1 1 1 
9 31 50 66 86 106 126 134 160 166 178 203 227 233 260 

15 15
-8 -9 -8 6 -7 -5 -8 -9 -9 -2 7 8 -2 4 8 
242 331
9 3 -3 1 2 8 5 3 9 -1 -5 6 7 -9 -5 
1 1 1 1 1 1 1 1 1 1 1 1 1 1 1 
17 35 63 90 101 106 119 141 151 158 164 191 208 225 242 

20 20
-4 -9 -0 8 -1 -2 6 2 -9 3 -9 7 -8 0 2 5 1 9 3 2 
388 444
3 3 -5 10 5 -5 -10 4 6 -3 6 -3 8 -1 1 5 2 -4 -8 10 
1 1 1 1 1 1 1 1 1 1 1 1 1 1 1 1 1 1 1 1 
8 37 37 76 100 136 136 167 172 186 204 238 253 287 296 317 317 327 360 388 

20 20
-5 -8 -1 3 8 5 -5 6 -3 -8 -5 -4 1 5 8 9 -4 0 -6 7 
423 518
4 9 10 -5 -8 6 2 2 9 7 6 -1 6 -1 -6 -1 -1 10 2 1 
1 1 1 1 1 1 1 1 1 1 1 1 1 1 1 1 1 1 1 1 
10 37 75 93 125 146 172 203 209 222 223 236 248 269 301 339 348 378 390 423 

20 20
-7 8 1 -7 -3 -5 -9 -5 0 6 1 2 6 4 -5 6 4 -8 5 -4 
435 489
-8 -8 5 9 -8 4 -1 -6 -4 1 5 -1 -8 6 7 -5 -10 6 5 10 
1 1 1 1 1 1 1 1 1 1 1 1 1 1 1 1 1 1 1 1 
24 42 77 95 129 143 145 169 198 209 229 252 280 314 349 359 387 408 431 435 

25 25
-6 1 7 -3 -6 -5 -7 -6 -9 -3 1 5 6 9 -7 -8 8 1 -3 8 6 9 8 1 0 
595 616
-8 -1 -5 -1 4 1 -10 4 5 -2 -8 -6 -3 -6 6 -4 -10 6 -2 -4 -4 -6 9 -3 8 
1 1 1 1 1 1 1 1 1 1 1 1 1 1 1 1 1 1 1 1 1 1 1 1 1 
24 39 64 66 96 115 117 130 144 175 177 203 227 274 277 293 339 358 400 423 452 496 540 583 595 

25 25
-5 -4 -6 3 8 -3 -2 7 -8 0 -6 5 -3 5 7 -9 -6 -6 -8 1 -0 -1 4 -9 -6 
763 826
3 -7 1 -7 -4 5 -5 10 -4 -6 3 -4 -1 -10 6 1 -9 6 2 9 -10 5 2 6 6 
1 1 1 1 1 1 1 1 1 1 1 1 1 1 1 1 1 1 1 1 1 1 1 1 1 
43 61 80 126 171 181 219 253 297 320 368 414 451 470 505 521 551 569 604 628 631 645 680 725 763 

20 20
-5 -8 -1 3 8 5 -5 6 -3 -8 -5 -4 1 5 8 9 -4 0 -6 7 
423 518
4 9 10 -5 -8 6 2 2 9 7 6 -1 6 -1 -6 -1 -1 10 2 1 
1 1 1 1 1 1 1 1 1 1 1 1 1 1 1 1 1 1 1 1 
10 37 75 93 125 146 172 203 209 222 223 236 248 269 301 339 348 378 390 423 

20 20
-7 8 1 -7 -3 -5 -9 -5 0 6 1 2 6 4 -5 6 4 -8 5 -4 
435 489
-8 -8 5 9 -8 4 -1 -6 -4 1 5 -1 -8 6 7 -5 -10 6 5 10 
1 1 1 1 1 1 1 1 1 1 1 1 1 1 1 1 1 1 1 1 
24 42 77 95 129 143 145 169 198 209 229 252 280 314 349 359 387 408 431 435 

25 25
-6 1 7 -3 -6 -5 -7 -6 -9 -3 1 5 6 9 -7 -8 8 1 -3 8 6 9 8 1 0 
595 616
-8 -1 -5 -1 4 1 -10 4 5 -2 -8 -6 -3 -6 6 -4 -10 6 -2 -4 -4 -6 9 -3 8 
1 1 1 1 1 1 1 1 1 1 1 1 1 1 1 1 1 1 1 1 1 1 1 1 1 
24 39 64 66 96 115 117 130 144 175 177 203 227 274 277 293 339 358 400 423 452 496 540 583 595 

20 20
-5 -8 -1 3 8 5 -5 6 -3 -8 -5 -4 1 5 8 9 -4 0 -6 7 
423 518
4 9 10 -5 -8 6 2 2 9 7 6 -1 6 -1 -6 -1 -1 10 2 1 
1 1 1 1 1 1 1 1 1 1 1 1 1 1 1 1 1 1 1 1 
10 37 75 93 125 146 172 203 209 222 223 236 248 269 301 339 348 378 390 423 

20 20
-7 8 1 -7 -3 -5 -9 -5 0 6 1 2 6 4 -5 6 4 -8 5 -4 
435 489
-8 -8 5 9 -8 4 -1 -6 -4 1 5 -1 -8 6 7 -5 -10 6 5 10 
1 1 1 1 1 1 1 1 1 1 1 1 1 1 1 1 1 1 1 1 
24 42 77 95 129 143 145 169 198 209 229 252 280 314 349 359 387 408 431 435 

25 25
-6 1 7 -3 -6 -5 -7 -6 -9 -3 1 5 6 9 -7 -8 8 1 -3 8 6 9 8 1 0 
595 616
-8 -1 -5 -1 4 1 -10 4 5 -2 -8 -6 -3 -6 6 -4 -10 6 -2 -4 -4 -6 9 -3 8 
1 1 1 1 1 1 1 1 1 1 1 1 1 1 1 1 1 1 1 1 1 1 1 1 1 
24 39 64 66 96 115 117 130 144 175 177 203 227 274 277 293 339 358 400 423 452 496 540 583 595 

20 20
-7 8 1 -7 -3 -5 -9 -5 0 6 1 2 6 4 -5 6 4 -8 5 -4 
435 489
-8 -8 5 9 -8 4 -1 -6 -4 1 5 -1 -8 6 7 -5 -10 6 5 10 
1 1 1 1 1 1 1 1 1 1 1 1 1 1 1 1 1 1 1 1 
24 42 77 95 129 143 145 169 198 209 229 252 280 314 349 359 387 408 431 435 

20 20
-5 -8 -1 3 8 5 -5 6 -3 -8 -5 -4 1 5 8 9 -4 0 -6 7 
423 518
4 9 10 -5 -8 6 2 2 9 7 6 -1 6 -1 -6 -1 -1 10 2 1 
1 1 1 1 1 1 1 1 1 1 1 1 1 1 1 1 1 1 1 1 
10 37 75 93 125 146 172 203 209 222 223 236 248 269 301 339 348 378 390 423 

20 20
-7 8 1 -7 -3 -5 -9 -5 0 6 1 2 6 4 -5 6 4 -8 5 -4 
435 489
-8 -8 5 9 -8 4 -1 -6 -4 1 5 -1 -8 6 7 -5 -10 6 5 10 
1 1 1 1 1 1 1 1 1 1 1 1 1 1 1 1 1 1 1 1 
24 42 77 95 129 143 145 169 198 209 229 252 280 314 349 359 387 408 431 435 

20 20
-5 -8 -1 3 8 5 -5 6 -3 -8 -5 -4 1 5 8 9 -4 0 -6 7 
423 518
4 9 10 -5 -8 6 2 2 9 7 6 -1 6 -1 -6 -1 -1 10 2 1 
1 1 1 1 1 1 1 1 1 1 1 1 1 1 1 1 1 1 1 1 
10 37 75 93 125 146 172 203 209 222 223 236 248 269 301 339 348 378 390 423 

20 20
-7 8 1 -7 -3 -5 -9 -5 0 6 1 2 6 4 -5 6 4 -8 5 -4 
435 489
-8 -8 5 9 -8 4 -1 -6 -4 1 5 -1 -8 6 7 -5 -10 6 5 10 
1 1 1 1 1 1 1 1 1 1 1 1 1 1 1 1 1 1 1 1 
24 42 77 95 129 143 145 169 198 209 229 252 280 314 349 359 387 408 431 435 

25 25
-6 1 7 -3 -6 -5 -7 -6 -9 -3 1 5 6 9 -7 -8 8 1 -3 8 6 9 8 1 0 
595 616
-8 -1 -5 -1 4 1 -10 4 5 -2 -8 -6 -3 -6 6 -4 -10 6 -2 -4 -4 -6 9 -3 8 
1 1 1 1 1 1 1 1 1 1 1 1 1 1 1 1 1 1 1 1 1 1 1 1 1 
24 39 64 66 96 115 117 130 144 175 177 203 227 274 277 293 339 358 400 423 452 496 540 583 595 

20 20
-7 8 1 -7 -3 -5 -9 -5 0 6 1 2 6 4 -5 6 4 -8 5 -4 
435 489
-8 -8 5 9 -8 4 -1 -6 -4 1 5 -1 -8 6 7 -5 -10 6 5 10 
1 1 1 1 1 1 1 1 1 1 1 1 1 1 1 1 1 1 1 1 
24 42 77 95 129 143 145 169 198 209 229 252 280 314 349 359 387 408 431 435 

25 25
-6 1 7 -3 -6 -5 -7 -6 -9 -3 1 5 6 9 -7 -8 8 1 -3 8 6 9 8 1 0 
595 616
-8 -1 -5 -1 4 1 -10 4 5 -2 -8 -6 -3 -6 6 -4 -10 6 -2 -4 -4 -6 9 -3 8 
1 1 1 1 1 1 1 1 1 1 1 1 1 1 1 1 1 1 1 1 1 1 1 1 1 
24 39 64 66 96 115 117 130 144 175 177 203 227 274 277 293 339 358 400 423 452 496 540 583 595 

20 20
-5 -8 -1 3 8 5 -5 6 -3 -8 -5 -4 1 5 8 9 -4 0 -6 7 
423 518
4 9 10 -5 -8 6 2 2 9 7 6 -1 6 -1 -6 -1 -1 10 2 1 
1 1 1 1 1 1 1 1 1 1 1 1 1 1 1 1 1 1 1 1 
10 37 75 93 125 146 172 203 209 222 223 236 248 269 301 339 348 378 390 423 

20 20
-7 8 1 -7 -3 -5 -9 -5 0 6 1 2 6 4 -5 6 4 -8 5 -4 
435 489
-8 -8 5 9 -8 4 -1 -6 -4 1 5 -1 -8 6 7 -5 -10 6 5 10 
1 1 1 1 1 1 1 1 1 1 1 1 1 1 1 1 1 1 1 1 
24 42 77 95 129 143 145 169 198 209 229 252 280 314 349 359 387 408 431 435 

25 25
-6 1 7 -3 -6 -5 -7 -6 -9 -3 1 5 6 9 -7 -8 8 1 -3 8 6 9 8 1 0 
595 616
-8 -1 -5 -1 4 1 -10 4 5 -2 -8 -6 -3 -6 6 -4 -10 6 -2 -4 -4 -6 9 -3 8 
1 1 1 1 1 1 1 1 1 1 1 1 1 1 1 1 1 1 1 1 1 1 1 1 1 
24 39 64 66 96 115 117 130 144 175 177 203 227 274 277 293 339 358 400 423 452 496 540 583 595 

20 20
-7 8 1 -7 -3 -5 -9 -5 0 6 1 2 6 4 -5 6 4 -8 5 -4 
435 489
-8 -8 5 9 -8 4 -1 -6 -4 1 5 -1 -8 6 7 -5 -10 6 5 10 
1 1 1 1 1 1 1 1 1 1 1 1 1 1 1 1 1 1 1 1 
24 42 77 95 129 143 145 169 198 209 229 252 280 314 349 359 387 408 431 435 

25 25
-6 1 7 -3 -6 -5 -7 -6 -9 -3 1 5 6 9 -7 -8 8 1 -3 8 6 9 8 1 0 
595 616
-8 -1 -5 -1 4 1 -10 4 5 -2 -8 -6 -3 -6 6 -4 -10 6 -2 -4 -4 -6 9 -3 8 
1 1 1 1 1 1 1 1 1 1 1 1 1 1 1 1 1 1 1 1 1 1 1 1 1 
24 39 64 66 96 115 117 130 144 175 177 203 227 274 277 293 339 358 400 423 452 496 540 583 595 

20 20
-5 -8 -1 3 8 5 -5 6 -3 -8 -5 -4 1 5 8 9 -4 0 -6 7 
423 518
4 9 10 -5 -8 6 2 2 9 7 6 -1 6 -1 -6 -1 -1 10 2 1 
1 1 1 1 1 1 1 1 1 1 1 1 1 1 1 1 1 1 1 1 
10 37 75 93 125 146 172 203 209 222 223 236 248 269 301 339 348 378 390 423 

25 25
7 0 -1 8 7 3 -3 -2 2 3 9 3 8 3 5 8 4 -8 -3 4 -0 2 -7 -6 4 
677 758
-10 -1 -10 1 9 -9 3 5 7 -7 -10 7 2 7 -2 -9 -5 1 -6 10 5 -10 3 -7 1 
1 1 1 1 1 1 1 1 1 1 1 1 1 1 1 1 1 1 1 1 1 1 1 1 1 
44 76 118 124 150 177 181 215 255 275 318 323 364 373 404 420 448 473 501 535 567 585 623 642 677 

